08910772948
08912008943
08910509902
08912273930
08911052981
08911373940
08912622960
08910474920
08911318922
08913355957
08913207923
08913440989
08913724901
08911137979
08912139967
08914209911
08911117943
08914035905
08914048993
08912887912
08911113956
08913240971
08910875917
08913687950
08912994913
08912447947
08913169908
08912191969
08914310981
08914637980
08914560902
08914394980
08914669912
08914671909
08914720969
08914859967
08914766950
08915000900
08915043979
08914779939
08915074939
08915239954
08915395905
08915357990
08915724909
08900688952
08900718967
08915430905
08900829955
08901000989
08910234962
08910328940
08910474920
08910509902
08910772948
08910875917
08911052981
08911113956
08911137979
08911117943
08911318922
08911373940
08912008943
08912191969
08912139967
08912273930
08912447947
08912622960
08912887912
08912994913
08913207923
08913169908
08913240971
08913355957
08913440989
08913687950
08913724901
08914035905
08914209911
08914048993
08914310981
08914394980
08914560902
08914637980
08914669912
08914671909
08914720969
08914723984
08914723984
08914766950
08914779939
08914859967
08915000900
08915043979
08915074939
08915239954
08915395905
08915357990
08915430905
08915724909
