08242806527
08242823537
08243136584
08243177507
08243516573
08243546561
08243549587
08244544562
08244582570
08244614528
08244675586
08244991585
08245216500
08245241520
08245297585
08245451509
08245478539
08245913561
08245917559
08246063537
08246079530
08246227580
08246322575
08246350510
08246355589
08246693557
08246741543
08246755501
08247001551
08247220512
08247318598
08247517523
08247541580
08247642506
08248343561
08248505561
08248589560
08248947580
08249072561
08249227514
08249424506
08249637500
08249654501
08249681584
08250941519
08250201582
08251327547
08251420598
08251640520
08251538599
08252023533
08252045502
08252080502
08252143512
08252284507
08252549578
08252859500
08253021534
08253043503
08253381581
08253411596
08253433565
08253437552
08253622538
08253649576
08253755503
08254183562
08254285560
08254323593
08254386595
08254432538
08254477558
08254665559
08254775575
08255068597
08255292551
08255439595
08255517570
08255623507
08255665501
08255809511
08256150548
08256182580
08256676582
08256927500
08256983590
08257024538
08257029505
08257213500
08257391522
08257840505
08257895598
08257961566
08258433598
08258800507
08258962582
08259013592
08259103583
08259322544
08259378507
08259812550
08259820579
08259956551
08260081512
08260099560
08260129574
08260243512
08260348535
08260463555
08260798573
08261215512
08261769500
08261963578
08262045548
08262166507
08262182537
08262247507
08262588592
08262906551
08263118573
08263404584
08263529522
08263601576
08264196586
08264301550
08264211569
08264558593
08264400531
08264659519
08264684548
08264690513
08264869599
08264951503
08264982565
08265039506
08265078595
08265495510
08265448511
08265528540
08265672586
08265732589
08265839545
08265893590
08266006547
08265914504
08266225508
08266257540
08266461589
08266400520
08266767580
08267056505
08267362541
08267410538
08267729518
08267654593
08267963545
08268146540
08268198508
08268508558
08268734566
08268536500
08268855517
08268999519
08269143570
08269052507
08269499595
08270041505
08269848514
08270456543
08270746541
08271139517
08272119536
08271737503
08272882558
08272849500
08273126528
08272954567
08273329550
08273416526
08273498581
08273521583
08273842541
08273688526
08274106547
08273976580
08274156560
08274178530
08274294521
08274303539
08274329503
08274358511
08274602528
08274887506
08274640535
08275162580
08274993535
08275171571
08275182506
08275296510
08275340519
08275399599
08275407524
08275452589
08275428521
08275533589
08275547539
08275691575
08275688515
08275704570
08275744520
08276347576
08275897513
08276826547
08276725511
08277139594
08277164513
08277418558
08277365500
08277609574
08277720505
08278054541
08278030529
08278170533
08278167583
08278220573
08278446547
08278522588
08278908508
08279049592
08279273557
08279567542
08279345566
08279974504
08280036539
08280081593
08280055592
08280289585
08280117539
08280713573
08280485503
08281282517
08281281545
08281393505
08281441500
08281544570
08281560509
08281828501
08281594594
08281867582
08281876573
08281905506
08281927585
08281969580
08282042501
08282489581
08282224529
08282774510
08282921599
08282896543
08282564540
08283027581
08282961540
08283144545
08283120522
08283341537
08283223500
08283637576
08283774565
08283840533
08283843559
08284023539
08284228505
08284057514
08284322528
08284233509
08284638592
08284897504
08285185567
08285455530
08285585581
08285631524
08285726584
08285641597
08285825566
08286348583
08286473566
08286793552
08286800516
08287003547
08287298598
08287573564
08287590574
08287603579
08287625548
08287628563
08288081550
08288155502
08288311571
08288346529
08288694560
08288761500
08289048556
08289675550
08290153538
08290323557
08290730519
08290892500
08290979533
08291321558
08291278520
08291573522
08291395594
08291791511
08292645586
08292657592
08293151528
08292971548
08293365595
08293423544
08293430591
08293488590
08293497580
08293532599
08293586508
08293755547
08293764538
08293829508
08293886560
08294179582
08294189545
08294207543
08294304581
08294355577
08294467537
08294435503
08294514551
08294505560
08294517577
08294611590
08295029550
08294812579
08295157558
08295524569
08295649507
08295761501
08296532522
08296491583
08296693534
08296581574
08296763508
08296761556
08297327566
08297469514
08297574571
08297884503
08297909506
08297958558
08297963551
08297965503
08298180577
08298287533
08298336500
08298656598
08298706528
08299241596
08299428580
08299569567
08299571545
08299666503
08299804582
08300342508
08300360590
08300733531
08300905502
08300953574
08300961593
08301104538
08301163542
08301448547
08301616512
08301715502
08302295582
08302449563
08302566527
08302633577
08302837571
08302908509
08302962554
08303046578
08303082531
08303145550
08303161598
08303361503
08303446592
08303558552
08303523503
08303798510
08303897500
08303913557
08304009587
08303992597
08304383519
08304690527
08304786559
08304721503
08305004562
08305060551
08305395570
08305290557
08305512550
08305962598
08306248562
08306283554
08306328590
08306504585
08306361539
08306873513
08306720520
08307100518
08308156517
08308197540
08308613519
08308419542
08308662560
08308743560
08308860524
08308894500
08308895581
08309142501
08309236590
08309377576
08309995580
08310123582
08310185502
08310146523
08310479506
08310447566
08310506597
08310513534
08311419566
08311353522
08311666571
08311816565
08311824584
08311852529
08312006508
08312397515
08312409548
08312549552
08312446583
08312725547
08313171596
08313438509
08313540540
08313460512
08313851546
08314440531
08314347590
08314639532
08314658596
08314804592
08315140515
08315012517
08315555561
08315441558
08315579584
08316407582
08316063557
08316637588
08316455552
08316835541
08316873559
08316858592
08316949555
08316901510
08317409570
08317626598
08317699552
08317930580
08317985563
08318075552
08318087569
08318189566
08318312511
08318324528
08318458567
08318504500
08318587537
08318902580
08318939581
08319141575
08319552524
08319635578
08319806569
08319954592
08319966507
08320026580
08320103592
08320157501
08320289599
08320350506
08977472911
08977648971
08977773954
08977789958
08977967996
08978004946
08978070906
08978275974
08978353959
08978556981
08978671900
08978763936
08979155930
08979645945
08979714939
08979819951
08980135939
08980264909
08980405901
08980943997
08980949928
08981036900
08981357960
08981628904
08981872902
08982697926
08982878980
08983237970
08983711981
08984027944
08984180971
08984486973
08984641960
08985117980
08985145924
08986046997
08986190923
08986356910
08986357992
08986486962
08986700980
08986742985
08986890909
08986918935
08986976978
08987458962
08987897966
08988305914
08988421906
08988624939
08988848969
08989037930
08989064902
08989185963
08989925916
08989964903
08990096979
08990198976
08990634970
08990671906
08990831962
08990939909
08991177913
08991357903
08991711928
08991997988
08991900909
08993557900
08993473986
08993701954
08993722951
08993916993
08993789940
08994142908
08994844929
08994953973
08995692936
08995717947
08995787996
08996039985
08996168955
08996317977
08996552976
08996789984
08997461958
08997524976
08997818961
08998023970
08998156938
08998312905
08998381974
08998491990
08999006905
08999332977
08999448924
08999911900
09000171989
09000830931
09000957923
09000963907
09001044905
09001776914
09001889956
09002207913
09002268971
09002435975
09002613903
09002870981
09002955979
09002989954
09003462992
09003598975
09004406948
09004574905
09004781951
09005060913
09005077999
09005168951
09005241977
09005495995
09005571926
09005866993
09005865911
09005871997
09005917903
09006020907
09006105902
09006445916
09006459976
09006856975
09007340948
09007625942
09007643924
09008014920
09008269910
09008304929
09008684900
09008830906
09009521990
09009682900
09009977960
09010108988
09010152960
09010402908
09010438937
09010695905
09010727963
09011124960
09011620941
09011758978
09011836952
09011779975
09011946979
09011981960
09012042933
09012254957
09012288932
09012376980
09012500907
09012639905
09012812984
09013062903
09013017959
09013262910
09013513930
09013605974
09013749976
09013846904
09013983901
09013999905
09014577958
09014863969
09015143900
09015422966
09016300988
09016365923
09017183942
09017306963
09017554940
09017332964
09017909900
09017973919
09018109916
09018765937
09018942901
09018931969
09019440926
09019599950
09019692909
09020453939
09020653946
09021164957
09021511932
09021849976
09021903938
09022037975
09022187942
09022296997
09022310906
09022782905
09023209982
09023476913
09023572980
09023688937
09024410940
09024651980
09024676975
09024887917
09024675901
09025433936
09026299990
09026262990
09027004994
09026996950
09027340919
09027946981
09028259929
09028028951
09028496971
09028594981
09028818928
09029046988
09029501936
09030481919
09030632984
09030834935
09031169951
09031135976
09031584932
09031420905
09031636916
09031732982
09031867993
09031875902
09032054910
09031924970
09032128973
09032085980
09032340921
09032192981
09032497901
09033120933
09033312921
09033061902
09033237962
09033525917
09034571998
09034309916
09034982947
09034911926
09036435960
09036226961
09036486955
09036624932
09037523951
09036796989
09037550924
09037605923
09037851967
09037825966
09037932967
09037994997
09038394900
09038419910
09038682964
09038690983
09039680965
09038861974
09039804958
09040002908
09040054967
09040191956
09040204950
09040397902
09041030999
09040564906
09041928901
09041522948
09042170948
09042298901
09042590998
09044764993
09046029905
09046112993
09046544940
09046133990
09046545911
09046668916
09046967905
09047225970
09047585917
09047367928
09047680901
09047640950
09048400937
09047876997
09048473900
09048437938
09048699975
09048794960
09049733956
09049778976
09049941982
09050096905
09050340903
09050532900
09051037937
09050812937
09052060967
09051499981
09052405964
09052877971
09053162909
09052896925
09053367985
09053712917
09054185902
09054020903
09054968923
09054739908
09055726966
09055395919
09055764973
09055815985
09055929999
09055864927
09056120948
09056936980
09057104954
09057121964
09057166984
09057180979
09057291967
09057260905
09057419947
09057265966
09057441950
09057537982
09057546973
09058292983
09058334902
09058468933
09058853926
09059346955
09059590945
09059489985
09060338960
09059756932
09060629930
09060470990
09061555922
09060814916
09061563941
09061569982
09061968925
09062029906
09062488927
09062594956
09062733905
09063148950
09063615914
09065748970
09065428984
09066010967
09066091940
09066103973
09066113936
09066282967
09066573937
09066823984
09066646918
09066876913
09066965932
09067475971
09067247910
09067794996
09067940992
09068711903
09068152904
09069109948
09069361957
09069563908
09069660946
09070064936
09069886910
09070162946
09070283905
09070684993
09070909901
09071097994
09071317943
09071775909
09071835901
09072320948
09072275977
09073187974
09073645948
09073888921
09073802989
09074296963
09074410928
09074405924
09074389970
09074859950
09074541941
09075404905
09075279906
09075438982
09075467907
09075908962
09075713959
09076574944
09076870918
09077534938
09077801995
09078027967
09077911901
09079045993
09078620986
09079650919
09079451983
09079857939
09079887927
09080507989
09080352926
09080601900
09081153935
09081431927
09081285920
09082568926
09082609975
09084974905
09083177947
09084462920
09085944961
09086361994
09086047939
09086414940
09086418937
09086629989
09086845924
09087146965
09087513976
09088034940
09087811993
09088321922
09088212988
09088366942
09088376905
09088523983
09089903917
09090000933
09090159967
09090435905
09090365940
09090787933
09090651950
09090976906
09090701990
09091019905
09091244933
09091146923
09091403918
09091537957
09091709910
09092059900
09092245950
09092529982
09092721905
09092830950
09093081950
09092948950
09093340999
09093444930
09093409948
09093827944
09093793942
09094070960
09094248964
09094755980
09094532921
09095259943
09095453910
09095818942
09096155947
09096468996
09097563925
09098477976
09098805906
09099019963
09098954901
09099103913
09099141920
09099833997
09099783957
09100444901
09100029912
09100686905
09100315923
09100972916
09100773980
09102630940
09101915908
09102764989
09102742900
09103006905
09102999943
09103101908
09103327973
09103831973
09104184971
09104431901
09104799925
09105015995
09104819977
09105111951
09105462908
09105656940
09105501903
09105758947
09105731909
09106198910
09106136990
09106364942
09106363970
09106629911
09106809901
09107092970
09107050976
09107500920
09107424990
09107564902
09107435924
09107825986
09107629966
09107974981
09107811926
09108497907
09108522944
09108541906
09108562903
09108714932
09108626995
09108907900
09108972982
09109183922
09109490930
09109696989
09109713905
09109903950
09110243950
09110370986
09110511989
09110996974
09110822984
09111342986
09111177926
09111510951
09111531959
09111627980
09111626909
09111691999
09113323911
09113388967
09113278940
09113542982
09113376950
09114141930
09113768956
09114674912
09114454980
09114673940
09114724952
09115454924
09115566994
09115723925
09115816931
09116805941
09116008928
09117327997
09116905903
09117697905
09118221947
09118441980
09118508995
09120166982
09118702961
09121575932
09121567913
09121791988
09121712948
08990847966
08998064901
09002435975
09004781951
09009521990
09026022921
09038419910
09061571960
09075279906
09075404905
09075438982
09075467907
09075713959
09075908962
09076574944
09076870918
09077801995
09077534938
09078620986
09088321922
09091146923
09092245950
09113278940
09122611967
08955764901
08956111987
08956202940
08956289964
08956351945
08957678999
08957783946
08958164905
08957949933
08958533960
08958631970
08958774908
08959667943
08959833975
08960489930
08960940909
08960977900
08961001973
08961171976
08961622900
08962727960
08962792940
08962927977
08963072983
08963421902
08963687937
08963809986
08963906914
08963920909
08964256905
08964680979
08964832906
08965067979
08965209943
08965475902
08965670950
08965817994
08965863910
08966441971
08966694918
08966925901
08966975925
08966970966
08967268947
08967297963
08967363931
08967564910
08968112983
08968634920
08969924973
08969932992
08969968911
08970226966
08970237909
08970342958
08971183918
08971450975
08971489910
08971783940
08972209945
08972315974
08972903990
08973076906
08973855948
08973914979
08973994980
08973986961
08974183951
08974189992
08975073980
08974623943
08975152936
08975103994
08975156923
08975210995
08975716902
08975432971
08975668908
08976157940
08976557964
08976778979
08976906993
08977248957
08977292930
08977257948
08990847966
