38772484896
38772061820
38772596856
38772832843
38771892885
38772976845
38772848847
38773035874
38771450866
38772472880
38773088803
38773261882
38773378801
38773682802
38772969806
38773709859
38774083899
38774242873
38774507842
38774300822
38774762877
38774595873
38774813889
38774843877
38774706888
38774848836
38774878824
38774934830
38774563831
38775150883
38775236842
38774990829
38775096811
38775340828
38775216817
38775272806
38775356821
38775515806
38775491877
38775627876
38776018806
38775782847
38776234843
38776226824
38776250881
38776343898
38776295800
38776619800
38774922823
38776904830
38776819809
38776874826
38776750850
38777072898
38777202856
38777296818
38777319885
38777616820
38777491866
38777922867
38777832876
38778243823
38778042844
38778388805
38778356865
38778344859
38778362830
38778778859
38778620805
38778679877
38778375819
38778749832
38778827817
38778761883
38778407877
38778910803
38779131808
38779260888
38779187862
38778850800
38779212808
38779365809
38778944880
38779415830
38779255884
38780298885
38779980899
38779319874
38779646808
38779952844
38780360866
38780417809
38780533809
38780597874
38780576877
38780701876
38780743870
38780815880
38780625835
38780864821
38780871879
38780956866
38780993800
38781268831
38781489846
38781015895
38780504884
38781546823
38781548877
38781804890
38781834888
38781566859
38782042802
38781907869
38782207828
38782358877
38782273880
38782402876
38782354880
38782416826
38782376859
38782422800
38782479828
38782584885
38782210888
38783008837
38782991847
38782598835
38783213848
38783017828
38783466894
38783489835
38783609830
38783640835
38783252827
38783768807
38783639829
38783928855
38783988831
38783030840
38783857818
38783933859
38784015829
38784021802
38784352825
38784363860
38784575883
38784094869
38784594837
38784832878
38784954809
38784845856
38785262889
38785423807
38785512826
38785494828
38785638846
38785622842
38785541842
38785653802
38784975806
38785683809
38785474800
38785727865
38786114808
38786061844
38785694835
38785858889
38786157876
38786502808
38786533878
38785754838
38786600818
38786177800
38786549871
38786642812
38786314807
38786678841
38786981862
38787011875
38786948814
38786995812
38787104881
38787181878
38787023881
38787185865
38787221845
38787271869
38787498804
38787507811
38787827808
38787934809
38787314851
38787743892
38788377806
38786345877
38788234878
38788289850
38788787885
38788548899
38789005899
38789366808
38788991814
38789003845
38789778839
38789628861
38789897846
38789839803
38790429850
38790528832
38790051840
38790135865
38790685857
38791178886
38789421841
38791367859
38790603800
38790652843
38791525861
38791407826
38791698880
38792019862
38791689899
38791724805
38792188893
38791590841
38788898873
38792355897
38792457894
38792600875
38792657800
38791950805
38792929818
38792956890
38793004885
38789217802
38792814832
38793044836
38793005857
38793133855
38792964800
38793132883
38793276885
38793357885
38793258801
38793387873
38793278829
38793455895
38793426879
38791255899
38793664893
38793831897
38793867816
38793944829
38793427840
38793585837
38794127824
38794006873
38794421854
38794074879
38794539855
38794521808
38795076867
38795102884
38795297871
38795199861
38795519874
38795501827
38794947899
38795004874
38795024808
38795473866
38795788859
38795189807
38795739807
38795536884
38796077883
38796048867
38796222808
38796693843
38796680865
38796873825
38796743883
38796896876
38795605878
38796798866
38796846852
38797019895
38797056820
38797964832
38797890880
38797734837
38797166847
38798165810
38797923800
38798010883
38798091867
38798110837
38798322850
38798454846
38798507800
38798517864
38798537890
38798866877
38799056810
38798716808
38799117894
38798765841
38799159899
38799171830
38799246864
38799207885
38799616890
38800042856
38799732882
38800075860
38800044808
38800304800
38799919877
38800267858
38800524842
38801246803
38800369855
38800442870
38801281897
38800518877
38801054807
38801369808
38801519893
38801307870
38799038838
38801509820
38801735839
38801803850
38801791828
38802204845
38802480877
38802412871
38801502818
38799516837
38799362856
38802714886
38802742820
38803009841
38799556898
38803128859
38803105808
38803042890
38803257829
38803150862
38803346848
38803388842
38803163840
38803702814
38803434895
38804010800
38804535865
38804402806
38804469897
38804975830
38804540869
38804228857
38804354801
38804656816
38805023825
38805349852
38805372838
38805738832
38805283819
38805299812
38805378879
38805897809
38805322814
38806403869
38805718807
38806296841
38806105841
38806030817
38806535854
38806421840
38806491890
38806758802
38806864831
38806092847
38807258889
38806740865
38807251876
38806956876
38807059843
38807528851
38807421895
38807434873
38807819821
38807522810
38807931826
38803694889
38808231895
38803892842
38804200847
38808794865
38808036847
38808626806
38808699870
38808999831
38809202813
38809147880
38809274806
38808234800
38809396839
38809432819
38809580842
38807872803
38804609818
38809900855
38809705807
38804902876
38809610857
38810502809
38810279808
38810161807
38805205850
38810643895
38810860802
38810553802
38810970829
38810918827
38811058830
38811352860
38811246830
38811526876
38811461804
38811738890
38811673828
38805768820
38811009898
38805747823
38812248829
38811606802
38812303862
38811800870
38812152805
38810807839
38812491847
38812651801
38813314841
38812790836
38813513887
38813357818
38812615830
38813522878
38813776896
38813731876
38813818807
38806727842
38813775814
38813834845
38813932855
38814333840
38813927851
38814485860
38814228892
38813886802
38814532885
38814697884
38815170812
38814800804
38813581882
38814837805
38807038846
38810544803
38815187898
38813693842
38815470883
38815561846
38815830847
38816364807
38815824871
38816788836
38817220841
38816895837
38817710857
38817343846
38807686848
38817829820
38817826804
38808050831
38818320840
38817908886
38818449885
38818572814
38808494802
38818625870
38818571842
38818606816
38818016857
38818536850
38819109808
38818786881
38819182807
38818200860
38819354870
38819548801
38819190826
38819344807
38819916894
38819639874
38810694880
38820044870
38820095866
38811504805
38820012839
38819653869
38819765829
38811708800
38820227878
38820786850
38820511835
38820878895
38820259800
38820326850
38820639807
38820966832
38821704840
38821653838
38821829898
38821314898
38821798801
38820616858
38822053850
38822080823
38821534820
38821595889
38822269861
38822755880
38822268890
38823191866
38822738870
38822574826
38814745870
38823294835
38821879801
38823679893
38823236800
38823649803
38823826861
38815895892
38816177870
38823580846
38816192836
38823835852
38823932890
38816275880
38823904846
38815302824
38824045820
38824033814
38824202861
38824257844
38816780851
38824311806
38824422802
38825036884
38824676812
38825182864
38825153848
38824480837
38824366899
38825596839
38826202850
38825859864
38826499845
38826656886
38826352828
38819032830
38826609888
38827236880
38827729801
38827359885
38827059814
38827547886
38827422838
38825846886
38828024801
38828056843
38827685847
38827487883
38827985808
38828126809
38820683881
38821237885
38825462808
38821901831
38828203811
38828237805
38828338822
38828385820
38828370807
38828500867
38828647884
38828767863
38828543833
38828415835
38828900881
38828826894
38828971800
38829024856
38829031801
38829168858
38829554812
38829817848
38829243817
38828575875
38829678899
38829855855
38829870811
38829994898
38830082813
38830114871
38830278807
38830585807
38830763845
38830458880
38830593826
38830847860
38830851892
38830335886
38830960837
38830952818
38831026879
38831191802
38831182811
38821408876
38831272802
38831010875
38831347837
38831688820
38831652800
38831802895
38831837842
38831702831
38831852809
38832272857
38832549832
38832568896
38832664852
38832824809
38832425866
38832964813
38832835843
38832952807
38833006832
38833244857
38833142850
38833021807
38833342867
38833338835
38833418863
38833807843
38833547833
38833516873
38833678857
38834035801
38834019865
38833765822
38834242858
38834224876
38834202805
38834442865
38834591860
38834450884
38834657802
38834926803
38834483898
38834959809
38835044839
38834666895
38831793888
38835051886
38835353890
38835349869
38835498864
38835616816
38835577810
38835913861
38836156843
38835888816
38836371817
38836196802
38836295886
38836582869
38836614817
38836755801
38837165889
38836797806
38837259867
38837329822
38837474830
38838179883
38837770804
38838204829
38838455821
38838951802
38839100822
38835303877
38839118870
38839769897
38838396809
38837939817
38839543813
38838884862
38839833811
38839656855
38839868879
38839010831
38840029885
38839876898
38839861866
38840043870
38840040854
38840151842
38840229892
38840225803
38840341897
38840349871
38840962816
38841086890
38841361867
38841484861
38841432802
38841506857
38841900830
38841978864
38842213888
38842125830
38842320889
38841583843
38842606855
38842997862
38842763870
38842628824
38843189859
38843258842
38842639869
38843445871
38843398857
38842705837
38843512811
38843341820
38843661817
38843912836
38844221896
38844104822
38843469894
38844241811
38844382806
38843306839
38844526816
38843707825
38844714817
38844780879
38844611848
38845140830
38845271854
38845238806
38845647811
38845731871
38845794873
38844529831
38845335844
38846135881
38845981800
38846223829
38846289846
38846444833
38846684800
38846544897
38846700856
38846895843
38846937864
38845293823
38847311810
38846103840
38846773810
38846711890
38847441862
38847545803
38847788897
38847567882
38847551889
38847661803
38847684846
38847808839
38847856809
38847473802
38847444888
38847994870
38848041892
38847985889
38848113800
38848227805
38848477836
38848254888
38848343805
38848557864
38848377882
38848859879
38848824811
38848625886
38849061862
38849037805
38849004800
38849141890
38849154879
38849472811
38849737890
38849152825
38849382820
38849554893
38849894805
38850049846
38850266863
38850294808
38846066898
38850659830
38850392818
38850874804
38850969864
38851114897
38850987846
38851151822
38851309809
38851402841
38851582807
38851093873
38851686858
38851698864
38851463808
38852265880
38851742863
38852014888
38852593896
38852380809
38852728813
38852905880
38852556850
38852554807
38852899898
38852577858
38853218827
38853176806
38853180838
38853196831
38853363835
38853285850
38852894829
38853287802
38853732890
38853348879
38853451882
38853203803
38854446823
38853994827
38854132802
38854795836
38854531855
38855104802
38855559800
38855376802
38855817876
38855883828
38855673858
38856006847
38855379828
38856144808
38856149877
38855757873
38856381850
38856405890
38856551870
38856553813
38856570823
38856609894
38856764865
38856819864
38856769824
38857187829
38857192822
38856818892
38856881829
38857507831
38857406806
38857296873
38857560805
38857573893
38857712842
38858032837
38857648818
38858121856
38857678806
38858168810
38858322835
38858183886
38858459890
38858299833
38858659805
38858591810
38858948823
38858743857
38858892852
38859321808
38859120829
38859457890
38859477816
38859466881
38859576806
38859617847
38859657806
38856302810
38860040825
38859965888
38860434874
38860949874
38860962897
38860849810
38860423830
38860510805
38860466806
38861243800
38860723809
38861299857
38861043895
38861412840
38861455816
38861182828
38861669883
38861746896
38861856802
38861785875
38861912818
38862135874
38862374860
38862366841
38862556896
38862593821
38862836821
38862992874
38862900856
38863033811
38853082828
38863165807
38863279810
38863363870
38861713882
38863253854
38863239860
38863388865
38862499809
38863473897
38863547840
38863583803
38863411867
38863751889
38863487847
38863970840
38863741816
38863670889
38864080864
38864343890
38864489835
38864405836
38864297847
38864512837
38864795871
38864638857
38864659854
38864794808
38864791884
38865594837
38865567864
38865027835
38865113839
38865531835
38865791829
38865772875
38866133809
38866537810
38866435813
38866116807
38865960876
38866629855
38866839825
38866833894
38866588806
38866434841
38866980846
38866104892
38867809881
38867130838
38867526820
38867825810
38868080842
38867008870
38868224860
38868158892
38868436884
38868649870
38868993813
38869184838
38869113817
38868902877
38869177890
38869290867
38869650820
38869234878
38869944816
38870030806
38868927861
38869830802
38869638880
38870172856
38870136892
38870327809
38870426890
38870705854
38870929884
38870082865
38870159833
38871177860
38871244800
38871048890
38871332857
38871488865
38870055892
38871877845
38871506863
38871341848
38871079850
38871675894
38871560809
38871921844
38872116856
38872564840
38872401895
38872640881
38872473888
38872132894
38872637821
38873013821
38872928800
38873030831
38873231810
38873227899
38873027881
38873246842
38873352871
38873360890
38873453805
38873420893
38873164870
38873427804
38873578845
38873569854
38873959806
38873685846
38873728839
38874063890
38874289863
38874855800
38874198809
38875379807
38875088829
38875126852
38875338876
38875414807
38875898820
38875901805
38875940886
38876009833
38876152806
38876478825
38876427830
38876564829
38876491848
38876290869
38876563857
38876898875
38877187808
38876979875
38876667806
38876968830
38877044870
38877156830
38877409800
38877607866
38877723858
38877753846
38877874805
38877916818
38876832858
38877879866
38877466863
38877936843
38878594806
38878649805
38878281867
38878446882
38876446893
38878770809
38879389840
38878961817
38878365882
38879413813
38879393871
38878817880
38879464809
38879628852
38880038818
38879627880
38880031805
38877851856
38880517899
38880456814
38880658875
38880968807
38880982893
38881424827
38881215829
38881529840
38881466821
38881699842
38881747839
38881791811
38881483831
38882069877
38882389863
38880973800
38882503828
38881439859
38882267830
38881860805
38882609812
38882684865
38882859843
38882714870
38883454804
38882943801
38882960803
38883496809
38883258894
38883530845
38883763866
38883752821
38883984870
38884007836
38883875826
38884084822
38883951867
38884026890
38883965817
38884105846
38884309840
38884180899
38884209897
38883358848
38884680867
38884350808
38884804850
38884841895
38884602807
38885072860
38884162807
38885111866
38885194893
38885125816
38885232817
38885289843
38885351824
38886266847
38885713831
38885678823
38886229801
38885959830
38885883834
38886436866
38886337884
38886363885
38884605814
38886989873
38887329800
38887050880
38887281858
38887751838
38887958858
38887813884
38887440832
38887510806
38887046859
38887976830
38888222898
38888202862
38887972842
38888385843
38887929831
38888477888
38888539824
38889087870
38888457852
38887943826
38889174846
38888996800
38889230851
38889647841
38889041889
38889754842
38888781870
38890184833
38890130822
38889956801
38890246880
38890413883
38890817895
38890594810
38890711809
38890280808
38891071846
38891188875
38891223883
38891103802
38891078859
38890628812
38891012831
38889924861
38891308870
38891524816
38891749818
38891699888
38891835811
38891992836
38891505862
38892065815
38891586846
38892501810
38892815830
38892831879
38892931822
38891833878
38892298836
38892956817
38892830805
38893136805
38893162806
38892220802
38891837865
38893197855
38893198827
38893214881
38893577844
38893254832
38892969803
38893973871
38894102866
38894164896
38894711889
38894660877
38894308804
38893942801
38893910870
38894531805
38894741877
38893829835
38894765890
38894656845
38894931811
38894776824
38894770893
38895086856
38894965805
38895029895
38895526848
38895603850
38895957822
38895514831
38895661893
38896021855
38895965841
38895626800
38895815874
38895291867
38896029830
38896094810
38896496888
38896033861
38896326885
38896851882
38896933854
38897173810
38897234895
38896896800
38897896847
38897730876
38896388805
38898194862
38898313896
38898203870
38898066864
38898321805
38898789890
38898796838
38898467850
38898523866
38898832818
38899011826
38897653863
38898854897
38899195889
38899368813
38899587884
38899460892
38899977836
38900255878
38900304836
38899033803
38900283812
38900258893
38900352806
38899273863
38900634895
38900987895
38900379844
38901209896
38900802860
38901282895
38901051818
38901396807
38901292858
38899887845
38901556855
38901606895
38901184885
38901864835
38901039877
38902069800
38902171841
38901413825
38902463893
38902439836
38902422860
38902535800
38902874842
38902962890
38903214889
38903087836
38901767805
38902989828
38903410807
38903562810
38903534875
38903533801
38903405803
38902744809
38903621840
38903701879
38903596803
38902738825
38903680855
38903778820
38903704894
38904015898
38904083893
38903816854
38904371848
38903721802
38904821800
38904524857
38904837804
38904827833
38904859875
38905045820
38904874831
38905008895
38905169805
38905079806
38905153801
38904525829
38905568840
38904049873
38905449832
38904698847
38905601804
38905976883
38906034830
38906165854
38906216866
38906885865
38906300816
38907067899
38906780842
38907415846
38907027838
38907484813
38907587892
38907523819
38905848885
38908268812
38907821836
38908368876
38908770879
38908287876
38908798889
38909119861
38909144890
38909215828
38908970886
38909280808
38909335807
38909447877
38908800883
38909396865
38909438886
38909195886
38909423854
38909826894
38909894890
38909897805
38909938854
38910679840
38910037814
38910073888
38910173831
38910421835
38910334860
38911134805
38910871873
38911141844
38910922885
38911143898
38911180823
38911438855
38911537837
38911699810
38911748889
38911910813
38912014862
38911328839
38909684810
38911963852
38911568805
38912303899
38912291866
38912328883
38912558889
38912655817
38912699865
38912796801
38913053896
38913140861
38913553864
38913617854
38913324830
38913482827
38913464845
38913760819
38914175863
38914049809
38914048837
38913973804
38914143821
38914497801
38914911829
38914483843
38915165845
38915060822
38915068807
38915054857
38915154800
38915509870
38915390881
38916156807
38915830873
38915728831
38915378830
38915610830
38916628822
38916954894
38916960860
38916969816
38916536898
38917476830
38917579809
38917590888
38917687881
38917347860
38918583885
38917655840
38918622880
38917255825
38918027818
38918913850
38918724888
38917789889
38918649819
38918853858
38919593892
38919746800
38919707812
38920017824
38919752877
38919912823
38919553831
38920342814
38919626812
38920408858
38920293856
38919305854
38920645809
38920895821
38921257837
38921110810
38920668841
38921343830
38921488804
38921547835
38921439862
38921450831
38921776869
38922249862
38922136820
38922323850
38922501898
38921369805
38922270802
38922761881
38922729805
38923117811
38923405876
38923677876
38923763870
38922793813
38922340860
38923970824
38923656879
38922850809
38924051822
38924436880
38924821873
38924469894
38924966847
38920266883
38925375850
38925410869
38925610876
38926005895
38925386895
38925752824
38926065871
38923979880
38926098885
38926872858
38925554860
38926119807
38924223895
38926343863
38927058879
38927150848
38927425880
38927398890
38925799898
38928038898
38926155862
38926803880
38926840816
38928554802
38928201802
38928422809
38928958806
38929175821
38927904850
38928010888
38929272860
38928746892
38929413862
38929264840
38929521835
38929726801
38929568807
38929761801
38929825893
38928080827
38928386829
38929940803
38930173802
38930274838
38930401880
38930157874
38930346847
38930648851
38930213880
38931038801
38931134878
38931016832
38931054840
38931363800
38931236875
38931426810
38931881851
38931873832
38929528848
38932851808
38929629873
38932228809
38932844860
38932254800
38933464816
38932838895
38933778837
38934058870
38934352809
38934320869
38934146818
38934881895
38934494859
38934877863
38935108855
38935093807
38933904808
38935011851
38935133884
38934293870
38935379883
38935426806
38931300808
38935498890
38935493821
38935652806
38935664812
38935762822
38936174851
38936091808
38936124838
38935901881
38936553879
38933158880
38933286888
38936579835
38936960830
38937033810
38937145880
38937356821
38937098865
38937623889
38937464802
38937669870
38938115836
38934940816
38938071871
38938221865
38938222837
38938257894
38938543803
38937045826
38938587843
38938567818
38938673847
38938973808
38938929825
38939292820
38939508858
38939178882
38939373820
38939336895
38938809846
38938225852
38939818881
38939884833
38939972880
38939980808
38936793837
38940063821
38936197800
38938072843
38938481859
38939872827
38940012836
38940171802
38940778839
38940568869
38940399811
38940646843
38940706846
38941079870
38940606892
38941081858
38940872851
38941243858
38941174864
38941157854
38941470838
38941508827
38941521840
38941401860
38941383862
38941542847
38940785886
38942125867
38941863805
38941798809
38942193862
38942174809
38942298885
38941639840
38942336809
38942408818
38942331840
38942361838
38942428843
38942521894
38942556841
38942237827
38942602894
38942891802
38943569874
38942790879
38943671806
38942989870
38943802846
38943916850
38944101833
38944012814
38944273880
38943664869
38944631808
38944169802
38941658802
38944515808
38945163808
38945171827
38943594801
38945225854
38945221867
38945567810
38945482822
38945558829
38945624805
38945359893
38945661832
38946242809
38946213892
38945333827
38946568836
38946753811
38946744820
38945980857
38946597852
38946557800
38946796898
38946843802
38947136824
38947159875
38947165840
38947121800
38947341835
38947607886
38947611808
38947844829
38947905801
38946973854
38947699802
38947974870
38947882836
38948199870
38948066803
38948175858
38947224871
38948374893
38949170833
38948689886
38948767860
38949384809
38949521806
38949572800
38949643839
38949714876
38948288890
38949916827
38950349833
38949748851
38950192837
38950599864
38951648877
38950714809
38951755878
38951875857
38951792803
38950956802
38951700895
38951873803
38951943879
38952071875
38952129890
38952401840
38952213840
38952682831
38952676866
38952570871
38952766857
38951946894
38952821890
38953228816
38953699851
38953238889
38953472806
38953521874
38953644879
38954077803
38953989850
38953916895
38954167896
38954194869
38954308899
38954466885
38954492886
38954485839
38954369847
38954490832
38954597807
38954946828
38954964800
38955066805
38955558864
38955102895
38956262870
38955037899
38955641842
38955876807
38955993870
38956443823
38956627800
38956557837
38956991871
38956480869
38954942830
38957165886
38956901805
38956760802
38957319867
38957286837
38956815801
38957127879
38957419810
38957460888
38957745882
38957613897
38956613842
38957756817
38957538828
38958127813
38957769803
38957937870
38958157801
38958442840
38958508884
38958302836
38958475854
38958696869
38958792825
38958809817
38959061824
38958601825
38959222852
38959414840
38959345857
38959175838
38959681881
38959921866
38959864889
38959866822
38960122823
38960073865
38960269840
38960157880
38960579874
38960296813
38960093890
38961038818
38960650846
38960756830
38960871850
38961118846
38961168860
38961324829
38961378830
38961843850
38961585894
38961697854
38962611856
38962137844
38962270846
38962839873
38962508842
38962921880
38961627805
38963098893
38963042839
38962912899
38963326861
38963198847
38963381889
38963416852
38963806804
38963176878
38964256840
38963684865
38964053818
38964098838
38964154843
38963993817
38964439848
38964345860
38964577809
38964567846
38963456803
38964925866
38964818865
38964859898
38965233844
38965050847
38965355877
38965642850
38965905885
38966126898
38965731879
38965170826
38966341861
38966095801
38966838880
38966516840
38966968821
38966877869
38967555873
38967315805
38967475845
38967789866
38967435894
38967881835
38967899882
38967904800
38967907818
38968131880
38968642893
38968899827
38966567835
38968698848
38967577842
38968912866
38969161813
38969208801
38969582835
38969540830
38969639888
38969636862
38969623884
38969739831
38969889809
38969770836
38970014896
38970051821
38969964878
38970251839
38970056890
38970052801
38970612874
38970610820
38970581898
38970621865
38970940880
38971101806
38971000880
38971189800
38971346833
38970599835
38971401877
38971251883
38971241810
38970758810
38971575867
38971796871
38971709812
38971695846
38971822899
38971821817
38971912880
38971592877
38972285803
38972194840
38972659827
38972622826
38972970867
38971915803
38972927856
38972895806
38973719874
38973247840
38973883836
38972841897
38974025809
38972912824
38974455811
38974340836
38974888840
38974846845
38975023800
38975015890
38974198827
38975052826
38975206807
38975083896
38975948897
38975366847
38975908836
38976071824
38976386817
38975854809
38974020840
38976504879
38975953890
38976187881
38976589840
38976643801
38976602889
38976493818
38976607848
38976704886
38976824865
38976719808
38976748824
38976954807
38976744837
38977012864
38977172802
38977627818
38978010865
38972088811
38977919860
38978307876
38978248845
38978368824
38978287824
38977299896
38978558879
38978815863
38978330851
38978976875
38977538807
38979057873
38978752845
38979065892
38978878865
38978932827
38978123805
38979079842
38979100809
38979172893
38979269897
38979221851
38979440812
38979466889
38979281838
38979481845
38979507828
38979526881
38979634854
38979664842
38979916833
38979869819
38980330820
38980346824
38980117809
38979680880
38980467885
38980391889
38979674805
38981112886
38980046863
38981008809
38980765800
38981446822
38980725841
38980920890
38979928840
38982164898
38981995842
38982208852
38982246860
38980636822
38981228833
38982377883
38981681821
38982551824
38982282823
38982522808
38982563830
38982924876
38982922822
38982698841
38982995897
38982913831
38983092823
38982449892
38983365811
38983507896
38983088800
38983328886
38983674873
38983642831
38982904840
38983888830
38984341843
38984294829
38984387835
38984513806
38983669870
38983515805
38984591874
38983920823
38983024828
38983474866
38984870838
38985223852
38985015826
38984592846
38985546864
38985401890
38985432850
38984727873
38985553801
38985114808
38985481800
38985176838
38984656836
38986239809
38986063840
38986245876
38985952854
38985585843
38985731840
38986471884
38986454874
38986386852
38986611805
38986722801
38986812894
38986704811
38986958830
38986848813
38986931800
38987235858
38987440869
38987508846
38987323803
38987750892
38988032870
38986942836
38988122860
38988236874
38988299876
38988520831
38988908805
38988686802
38988701895
38988964802
38988963822
38988669800
38989087805
38989104823
38989049890
38988555899
38989790832
38989820847
38989943841
38989881803
38989878845
38989469830
38990577837
38990212820
38990338840
38990531845
38989408881
38990824869
38990888832
38991027890
38990995833
38991088848
38991278892
38991107818
38991149812
38991246850
38991343899
38991627811
38991317898
38991714897
38991367801
38992453850
38992245823
38992044844
38992472803
38992657854
38992681801
38992545894
38992708866
38992732813
38992724802
38992144806
38993181888
38992856890
38993344850
38993434840
38993410828
38993579814
38993525803
38994082840
38993944881
38994009841
38994193839
38993698821
38994614877
38994618864
38994922857
38994233806
38995147857
38995001801
38995187808
38995289805
38993949840
38995192801
38995720840
38995672854
38995300809
38995742810
38995809825
38996093874
