86470420508
86460662584
86461526501
86474831545
86487654558
86480279506
86470887511
86476552570
86491469530
86476664530
86469848508
86486067560
86493119545
86461820531
86483202598
86504763500
86516243522
86467826540
86482817505
86468782520
86479774590
86461850520
86482239544
86473296514
86489688522
86465642581
86468082544
86487010588
86467268512
86472052514
86512381505
86475866547
86462192593
86491562581
86465829576
86472561583
86476848500
86483776500
86486478519
86492726570
86484319561
86472566542
86475264571
86469378528
86482158544
86490103508
86490513595
86486526505
86490195526
86472453500
86488475592
86481443539
86462587504
86481140552
86486570598
86463129500
86487179574
86496535531
86465507536
86487521590
86489431599
86489256576
86471303599
86521248502
86472193509
86476768581
86473688510
86462716509
86508528580
86482062512
86470128521
86474309563
86464932535
86491268551
86482161502
86468387574
86473818588
86515691572
86471038585
86471178590
86477976552
86464715518
86486089539
86475555541
86472953589
86492494504
86476097512
86491566579
86492370538
86500609514
86488302574
86461515577
86502983545
86520770531
86463113506
86477942577
86482751563
86466450538
86479995503
86468339502
86487989576
86482361501
86462305541
86477324563
86472300518
86465130505
86498120584
86506090588
86479023510
86460765553
86464759566
86518698519
86512506570
86482148581
86475227536
86465577585
86494285503
86493676584
86463486523
86489254522
86463569577
86525213525
86515159528
86464641565
86488915584
86511201503
86486196530
86505405542
86493233593
86484126500
86466464598
86469241573
86488065505
86481932572
86506268581
86482517536
86492803582
86501510511
86486673567
86507587540
86493535506
86463857521
86491088570
86470938523
86463902500
86520214574
86513084504
86465374552
86494952577
86509229536
86526727506
86540464576
86469150500
86535239527
86533664581
86463867594
86550471559
86553199531
86520621536
86500095570
86535500543
86522969521
86509408546
86463577596
86497051546
86547449521
86505310592
86542953507
86497339566
86519796573
86558196549
86550684544
86547430502
86506758597
86494336507
86496265569
86512696506
86517426574
86495146507
86504893543
86496233527
86567394501
86517741500
86532646555
86504784507
86535551539
86508650548
86516819505
86506992514
86493384532
86496956553
86495047525
86514553567
86515141580
86537614546
86514612598
86569334506
86497999574
86498971509
86500009592
86513885515
86499897566
86508577522
