32447512880
32502815819
32463679816
32499189894
32505304840
32504298803
32501823893
32499996870
32501485807
32505940835
32501430816
32472457820
32469779847
32495584861
32494819806
32503575889
32500099890
32501913884
12014858780
32503160832
32508326852
32448549826
32509899830
32510088890
32518206809
32506908803
32518438858
32513724836
32515055800
32517520810
32519476800
32517744840
32514593840
32510464892
32510552830
32510912801
32520268808
32504256809
32515673813
32424025886
32518050884
32508560880
32508996823
32520613840
32504372809
32517775800
32503371884
32520222816
32506216847
32509001841
32523281864
32521956821
32520698810
32516189893
32527498825
32519432861
32520297824
32529642877
32476154822
32466796813
32478181894
32504648804
32483256821
32521945897
32476565881
32525401859
32479274845
32486557806
32487790806
32524901882
32476962880
32536636801
32486973850
32510840894
32485164886
32527311857
32476320854
32520652829
32475762829
32485536856
32543285822
32530828814
32489797808
32541726805
32487765879
32524547850
32477400827
32516426852
32488031852
32536517896
32475382830
32485485844
32483989810
32537639863
32541844832
32483956807
32480775810
32528331827
32524441865
32491887860
32479978818
32513042832
32473113866
32527525814
32478052814
32541834870
32537874862
32486386807
32543872876
32544225890
32488274836
32475859822
32476750867
32493080807
32480307808
32480688844
32475370823
32542923833
32541478801
32518070800
32488048828
32527507832
32543440810
32483153852
32481481879
32524643816
12053200839
32546161890
32552389864
32552125883
32551926840
32551981867
32493780892
32545869805
32553869851
32493556828
32544329831
32546811851
32492284867
32563503809
32543353844
32487368870
32477404814
32476544884
32523967855
32458883842
32547912821
32525187830
32498828877
32563783828
32476470821
32548984869
32599725879
32554837864
32529766843
32596158817
32561041859
32600413898
32610127812
32594413879
32596165864
32603034804
32600545883
32605049825
32599474850
32602667803
32562889878
32555297863
32591943800
32559905809
32602954888
32560161893
32594177881
32597074846
32560239833
32586806808
32600922857
32611624810
32565434804
32599990866
32599992800
32611045895
32559172801
32611280894
32560563851
32565130856
32567188843
32576664890
32562823850
32561187802
32487198850
32560205858
32609963890
32451958855
32557786896
32564190898
32575568889
32612653880
32563201802
32565386818
32582588806
32582570869
32577356854
32612417800
32558606875
32615214810
32610375808
32558868802
32577438826
32611464863
32613450800
32613357851
32559049864
32599639875
32615150820
32606975863
32619114845
32596341859
32621784895
32625349867
32612324801
32586627890
32622997825
32622959818
12018634909
32621641865
32523462818
32474947825
32617770877
32615441809
32613230860
32478403897
32551645832
32551449812
32596635844
32616055880
32628521806
32625814888
32624887806
12040954856
32618039831
32551255880
32626311839
32625026855
32630485897
32623290881
32577379803
32626918873
32627035835
32611807817
32590933894
32632183871
32452188859
32625838809
32631853814
32627129813
32617859851
32448638845
32625760850
32563103894
32627426869
32509988859
32492835847
32628625849
32554422818
32629384837
32625742879
32496271867
32563634822
76102661087
86331434534
86328264500
32577565852
12040619801
86370665509
32567371885
32596198878
86356105550
86352033563
32585073840
32567320890
32560316846
76086240000
86350554540
32588233830
86356639504
32589583869
86369032549
86357090557
32590381832
32569881805
76119521020
32565782845
32590102895
76097099053
86341363532
32566385890
86363744563
86366417563
86334758551
86369362506
76114538072
86330019509
32528296819
86356586559
86335306514
32550208838
86354471584
76105210000
32569909831
86328919522
32460787855
32599028809
86360422590
86373305503
32584664836
86423123519
86330360537
86343055541
86345616583
86334873571
86394303577
32554485810
86409868510
86371322516
32627759833
86398120558
86400198512
86411881502
32579184880
86425094575
32569007803
86384103524
32563193869
86381675551
32628086875
86346080504
86410686510
86398115554
86397186520
86348828530
86386253590
32453613863
86363931592
86351210585
86331332537
86415168592
76087662049
86372415577
86434935544
76115550068
32611523894
86406441524
86399111501
86388889530
86357797545
86447073538
86440368583
86360240564
86388091580
86370335550
86467983564
86380610561
86445509509
86449329505
86397512509
86382605557
86412500502
86401396520
86424024581
32574391802
32421755816
86430385558
86455051505
32573372804
86416740559
86460493537
86391254575
86481352576
86458084552
86420537550
86439582550
86388559581
86434923538
86435419582
86460460523
86390699565
86407803586
86373722520
86487085596
86387591503
86462090596
86436863524
86479665546
86507890561
86417487504
32619130883
86497835547
86456081548
86454660583
86514270506
86495321520
86415500546
86464127500
32585589811
86471289588
86511545504
86456995590
86380361596
86479092597
86495438559
32591473811
86466264580
86525410517
86484433500
32561635805
86500897552
32567533885
86389915500
86506179562
86438847585
32572528894
86390069545
86497684581
32584546809
32571698842
86455039564
86445316549
86477379546
86408911501
86492873521
32571676873
32584646854
86521446568
32581077859
86471121563
32573042855
32585291839
32588204813
86523854590
86433413552
86461395571
86465317591
86506556536
86529239570
86536791541
86511749509
86526716563
86477775573
32630088898
86487652504
86524687531
32521497886
86550982561
86495190590
32433051878
86571817543
86455062540
32593734892
76108740000
86534624575
86533960555
86569629573
86503718500
86524233506
32478741865
86517655506
86546619504
86462330570
86334766570
86562808561
86542452559
32477832883
86508550594
86429840581
86471343540
86496756546
86463923508
86448818502
86528320560
86600206500
86454131599
86444262577
86579267500
86589105553
86577529566
86334896512
86568933511
86380445501
86461603514
86443836553
86421763502
86604207560
38000483882
86598953553
86598224551
86603039540
86555840536
86589695504
86564199511
86573158580
86590886547
86567514507
86592000554
86605259572
86585308506
86409089589
76100120097
86619411568
86476834550
38004015840
86462799528
32548778886
86591364544
86592363517
86587954545
86600713526
86604295591
86558172526
38005566859
86516812594
86546826550
38006590850
86587535577
86581260568
38004030807
38007929827
86608069561
38004733808
86610321566
38004959881
38008517840
38005286813
86591955585
86590955530
86519337544
86600995599
38008648864
86609790523
86512266595
86561284500
86597827554
86593500577
38005064837
86516465509
86434767579
86581349542
38000907836
86577853584
86568362506
86402286559
86587977596
38012794802
38006267804
38009963836
38015162882
38005588828
38015031869
38007275878
38017090862
38012184818
86576573502
38006977852
38010269816
38015988888
38014714890
86504683573
86614354558
86604091597
32582697850
38017373813
38006712808
86400016503
86600039507
38008691875
38015844886
37974842830
38016977898
37976599895
32611542848
38015968852
86327590519
38014759800
37976237802
38002581881
38014098803
38006164835
37979074866
38004507808
38017365802
37978017850
38011054821
38004603866
32577517882
37977001802
37974395800
37974743859
86349895509
86609408572
38011325876
38005661843
86527232578
86564283571
86343112529
86373250504
38010474827
86500114540
38008374802
86480906527
86539885563
32581413808
37975360899
86599395570
38018021830
86435570566
37986580801
37985250808
37979537807
37982644813
38008575883
37980204859
37979789873
37988540840
37985458808
37987435848
37977260824
38014965892
38009599840
37992718801
37977514869
38012890879
38005146809
38008623870
37991775828
86411020515
37985625801
37978665852
37985898875
37979687876
37993458846
37989160803
37974928808
37993447801
37989487802
86447662525
38017027826
37996615810
37997108840
37985792880
37985336877
37979360877
37994300839
86574213568
86607918514
38017147805
37990518805
37994147895
37982433871
37979481828
37981806879
37933872832
37933103880
37976300857
37992946863
38005762879
38012487802
37997195807
37993478871
37995388870
86574257506
37978289850
38001952835
37981493803
37993716802
37979722884
38012257807
37995769830
37996666806
37997314822
37937221801
37996382883
37997782842
37982511856
37978229874
37932917824
37928869870
37927138880
37981588863
86425648570
37933295851
37997506810
37995906846
37996198870
38003549850
37937087803
37939597833
37934172800
37987105899
37938027871
37991675874
86349912535
37930865851
37938947890
37939720899
37994772846
37937969814
37939832859
37938025828
37995215851
37996581819
37992185803
37994472885
37935993882
37935242801
37941559803
37939747827
37935462844
37938672858
37985912886
37997036830
37943095880
37937850841
37941307820
86364844561
37940123807
37929247813
37933524800
37984092850
37980436806
37948692819
37996182876
37980984846
37941381800
37940602888
37940862871
37949496843
37987504831
37944543835
37939090852
38008804823
37943350820
37935476802
37929402800
37975925829
37944811864
37976854836
37947507805
37933112870
37979184882
37980097831
37936627804
08533135980
08538975900
37941184800
08539106930
38016867871
08532978940
37990878852
37944791812
32604138808
37980179803
37933488811
08534953945
08581458980
37945236871
37934474806
37935896844
37980286804
37929821889
37947901899
37948884807
08533310900
37936068805
38008456876
08535971971
37942058808
37925049871
08534903921
08542005929
37947527830
86454715582
37948626867
37947773874
08533142927
37943997816
37988781880
08543899974
08532914977
08590919960
37994709800
08577667910
08587925911
08582784996
08542492900
08579003903
38000981807
08592316901
08533257902
08540571960
37940062832
38001301818
37947884862
37947224854
08534263922
37994679803
08533070918
08588579952
08544631940
08578469909
08540396947
08537118958
37979560884
37945175805
08592654980
08588823969
08594119909
37946052847
08544257992
08578143973
08544394981
08593534945
08577727912
08587300903
08534131937
08542379926
08535735909
08534366900
86569031520
08541775909
08539175908
08545392982
08554287916
37937573821
08591892950
08533886950
08541940969
08539986981
37997134840
86345892505
08588123983
08590646971
08587734903
08536913983
08589982971
08556759939
08558486930
37938917800
08752921948
37926045829
08536806982
08752194973
08583508909
08552091941
08544217931
08565063976
86604569551
08592580927
08558597928
08542808983
08561103965
08553852946
08537401943
08539387921
08542250990
08537375926
08559757929
08565224902
08545052960
08559572988
37996852863
08564887983
08567431948
08554933990
08568059988
08535702997
08533759924
08565561909
08546942935
86538910564
86371234579
08564679957
08584566996
08555960908
08555658969
08562400955
08541350908
08546086990
08547089950
08566566904
86348748502
86547692540
37945380808
08564882914
08573311916
08566803973
08566059999
08557664923
08557871988
08571169918
08577789942
08552050919
08566311914
08566870905
08565681980
08568209971
08562352969
08564700905
08560794999
08575331930
08575013998
08559820981
08572696903
08578114957
08561356901
37949318821
08558615926
08574128929
08554865979
38003898862
08572756906
08570857942
08570415923
08556565905
08745381909
08570438974
08557603975
08571471967
08577383997
08545484917
37988884859
08567039908
08579045908
08572977910
08576519941
08580279925
08573246910
08570380950
08580304970
08542421981
08588663902
08579579961
86586225507
08751257947
08568263917
37982846874
08583256918
08576975955
08570595999
08569081936
08584183981
08585399937
08556789927
08585317981
08579368910
08569729910
08591744926
08590135969
08580691990
08586474940
08753943961
08574063967
08580169909
08585987952
08588517922
08583806926
37927545841
86547856593
08596118926
08587619985
08574091901
08588421909
37946237898
08571673918
08597034955
08595562989
08591442911
08573570938
08585462990
08571183902
08576844931
08591672917
08593924905
08599651986
08600523974
08592427908
08599477935
08596844902
08590073912
08597444932
08606830950
08597104910
08596676937
08569847955
08594434936
08587196901
08583881979
08605265930
08596149996
08579448948
08545453957
08582089970
08605105909
08602148933
08608688930
37949347848
08587621963
08597640952
08586778907
08581605958
08579595908
08601883966
08601105912
08595290962
08598532924
08597145943
08600796946
08594861923
08611032977
08590627918
08599944908
08616017933
08599608975
08601605990
08618081930
08639041903
08632433989
08604414908
08640583900
08602446950
08630957980
08620730908
08650625959
08609666905
08607131990
08596517979
08601576958
08616135979
08626388950
08631430919
08597577908
08602547986
08661406978
08599992970
08606184985
08653642900
08648347998
08649888933
37945510876
08651408986
08579519985
08606076902
08660623940
08601821936
08634381994
08608396998
08581138993
08654582944
08640510938
08624276900
08610950905
08608811995
08653379932
08726241960
08651475900
08636631920
08658379965
37934403895
08628598910
08726910985
08600633990
08661498996
08594391943
08730401984
08661209986
08661194938
08661612950
08664533938
08725354957
08590757960
08587958925
08731638937
86600721545
08730013976
08730668980
37996723893
08596851950
08726462974
08726269970
08650635911
08602028954
37991731880
08610728986
08732908954
08595419914
08732909926
08536888938
08726487969
08576511967
08733808945
08733707910
08728187997
37997662863
08728823907
08727993957
08638981902
08593438989
08734092994
08612154944
08732679904
08665058907
08738799960
08727559912
08735032952
08752573990
08734656952
08733559970
08598734985
08587563904
08734144978
86620443524
08740041956
37939110802
08730048923
08598700908
08736814954
08738412985
08741448928
08742335930
08746134930
08741842901
37946253826
08535427910
08750136941
08741401964
08725212907
08743447945
08740452905
08752873951
08733588996
08745701903
08744611978
08754078970
08537458970
08750968912
08741692918
08753945905
08609652955
08743166938
08730525950
08564592916
08625717900
08746827978
08738330903
08759601973
08761297933
08729814952
08763572907
08759515970
08650719937
08747459930
38017891873
08388577956
08751907909
08735644990
08760142952
08752671909
08759519967
08737856901
08757841942
08738437970
08745594996
08748577910
08754287979
08393547970
08387677965
08750065904
08761334995
08398343907
08659839927
08454024980
08389992981
08735274964
08388386930
08629207957
08744251904
08745300917
08595218935
08745223904
08451112994
08450484901
08450466911
08606545910
08456128910
08759461942
08749557939
08521098901
08390434903
08742597978
08747322985
08747106930
08756985908
08597814969
08390298961
08398018909
08744575998
08761222925
08760422998
08746946985
08454322906
08458315939
08760747943
08589916910
08748882984
08388722980
08396789916
08754549922
08761827916
08761727962
08754762952
08457529951
08761997919
08757332983
08597622970
08392980999
08761867977
08750198971
08724521906
08454192930
08398010924
08392011929
08513993980
08394761917
08755135900
08542669924
08390366983
08393169925
08400757904
08396993955
08399671959
08401064910
08390901960
08737475932
08391954943
08395611994
08444648990
08451723950
08392531922
08400497902
08405782966
08447016960
08398578963
08668932969
08391616975
08455257946
08558171947
08399509930
08402743943
08541888940
08409698994
08592249961
08401765978
08401168961
08409179962
08401264928
08402630901
08412001907
08406476974
08396689962
08753762908
08397346970
08395970960
08585066962
08749038907
08414504981
08407455911
08759385901
08560721924
08402166962
08413612900
08521993927
08408895931
08415448910
08759123974
08758208917
08404499926
08403443927
08597881992
08417418911
08417220992
08411893901
08406135980
08408447947
08411828921
08420356999
08409824965
08411473961
08752641902
08418255994
08403811900
08747681950
08414453970
08416307989
08415619901
08654622911
08404556903
08534200920
08424034937
08625148948
08420398993
08408124935
08390090970
08612246989
08406181907
08602210914
08415659962
08421431900
08433495909
08394106978
08421504983
08419855960
08422872994
08422892910
08437089999
08423526941
08594037937
08397107983
08390573938
08419813966
08437798965
08422789906
08429627944
08436077938
08437134960
08429063986
08423002950
08413198984
08438210945
08424704924
08436953908
08439436963
08434265940
08415116918
08440237952
08430627979
08604898921
08726091976
08441318905
08434318903
08452080980
08440926901
08446868911
08437848903
08450148979
08415704933
08445726919
08421594958
08430991948
08448095944
08387943940
08424714997
08423535932
08414591930
08451327923
08444998974
08421117947
08424431936
32501314824
08441459983
08449013933
08455897929
08737459902
08447922928
08430590951
08515397935
08442915958
08592070996
08442766936
08570852983
08453504989
08391740986
08447178943
08438944906
08459127982
37976571885
08439921900
08457045911
08394895956
08455152923
08423331938
08455526947
08432595900
08449649994
08453224943
08557158980
08453220956
08734184929
08462986940
08449827922
08450401976
08391042944
08461121910
08452297963
08441521964
08446313960
08463437974
08463296971
08463604978
08470238930
08421802909
08402996990
08474471974
08442715940
08474239990
08458333910
08460719910
08468827959
08403755902
08430682996
08727843980
08741195965
08475185908
08453279926
08468535907
08465218900
08469777963
08462499950
08463189970
08463992960
08477017948
08631498980
08460516997
08452756909
08469820990
08441223947
08409635992
08609859975
08469452908
08447169952
08481685933
08470604970
08470519948
08473681908
08477163928
08452249993
08437975921
08454894969
08475819931
08481746908
08480771992
08480996994
08485479939
08446343959
08422526905
08743880908
08484471900
08415967942
08484780961
08450167922
08457486969
08469655930
08481452912
08482246984
08489274940
08475689973
08475751954
08486828902
08436961927
08458390981
08488833903
08441429995
08488291906
08759741988
08491197907
08592688965
08438140980
08493969990
08487764967
08485880960
08479220902
08497145917
08573154985
08485411978
08444430935
08495719959
08500090901
08444367982
08494094971
08493315958
08504022986
08491750975
08491125914
08498909937
08476805926
08472112900
08500453982
08471326922
08503295903
08493149926
08473738942
08472094901
08401741955
08505941977
08491795995
08504204901
08467459921
08506465966
08492885920
08477579946
08453091960
08497339959
08608456990
08480633921
08508796986
08504413900
08502880969
08443478926
08741010930
08474607973
08511827986
08479539984
08503792966
08507150918
08495345935
08503551926
08432299936
08511029990
08492658940
08513598925
08507176984
08507846971
08478936939
08508351941
08506784980
08447971970
08640512981
08468727903
08509017905
08518936942
08471989956
08506285984
08520250920
08490613931
08509031908
08524138904
08424937945
08507186947
08492852917
08511293906
08503819910
08517951964
08521335962
08483409909
08403157916
08403386940
08512519940
08523857907
08515578999
08486165962
08503349930
08524922940
08502172964
08522905940
08524740914
37946992890
08494201999
08528530922
08527850974
08521384904
08524575964
08525760994
08528852962
08461524950
08524634995
08528989917
08506286956
08527546981
08524448938
08409825937
08504549992
08757039925
08510508917
08403897952
08530433963
08506435978
08524679905
08508802978
08514557947
08412517970
08506073960
08520467903
08531998921
08439099940
08662190995
08526171941
08525014982
08523549919
08513267902
37951646806
37953821818
08530930916
08526403907
08412370937
08528980960
08486680905
37950587830
08519543910
37954345807
08517565908
08511481907
08532816967
08511131922
08519174965
37955832841
37952800876
08730569907
08531492912
08727958965
37950522895
08532111912
08529584988
08509289905
08489244952
37953020807
37960111871
37954370836
08510972940
08495820919
08530150902
37956619866
37955188810
08526481975
37957762875
37958626800
37957742840
08529296923
08502140922
08516096947
08528159990
08460340937
37957549845
37954640809
08497114957
08529664906
08516542904
37962858800
37966455858
37956439884
08530110951
37956562813
37966953882
37955226844
37960813809
37966386864
37958165803
37958394837
37962746840
37965265869
37967522842
37964708821
37951798827
37968180805
37966769879
08520448950
37966742830
37968056802
37956208807
37957630880
37965880857
08392839978
37960346836
37951388840
37964576810
37966576809
38154095866
37967432851
37969813801
37962962895
08531786908
38154514850
37972732825
37973331883
37953645823
37963652806
37967766806
08436198999
37961871888
37951553808
08473880935
08733012938
37955124847
37954632890
08493567922
38157118867
37964452843
08502909967
37972273880
08503678918
37970744842
38157790816
38153618857
38155334813
37969830811
37962378867
37972907803
38159537824
38157395860
37968701805
38158608817
37960314802
08511121960
38158277870
08515592983
37962203803
38162079874
37968184800
38153925865
38158991840
38155572838
38159687800
37968845807
37950822856
38155895840
38155708837
38158041833
38164054879
37967548809
38161874808
37968255830
38162227814
38158780806
38157852862
38160848854
38156351878
37969817807
08529258916
08457241931
08419169935
08442705988
37967483847
08518532930
08524355921
37973747800
37972475830
38155440842
37970028829
37966624803
38163512806
38155250806
37962988851
38155075885
37968400864
38160249802
08444133990
38157241804
38164103837
38163605804
38160920806
38166490846
38168143876
38156337883
38160306881
37973813870
38167147819
38166482827
38168406800
38165659804
08481143960
38158544827
37961408827
38166822865
37957170862
38172733801
38169355834
38163326840
38159895828
08478733906
38167021807
37959618828
38166101882
08482623958
08477984964
37997545808
38171637892
38170414890
38166914808
38171310893
38154179881
38169403820
38173483809
37953895854
38172735847
38169964857
38168877837
37966530817
08429554963
38169456860
38158513867
38173985812
08500019948
08494108948
08501544990
08527085992
38166709899
38134368883
38159206801
37953405865
37969245811
08496017974
38174612831
08502359959
38169324874
38135533888
38172430817
38135103875
38139830801
38138582863
38170402883
38171164897
38141470817
37960540802
38136130892
38133448867
38140779890
38142258803
38165115898
38172019823
38132695828
38137442804
38134107818
38172604823
37969256856
38141581805
38146075894
38154346885
38165990870
38135798830
38139892831
38137923829
38138221844
38141327852
38135134835
38141508806
38170289890
38132955838
38133463823
38150910808
08480246995
38142692848
38135392885
37970317855
38149734880
38145925819
38174577823
38161763801
08516369935
38145339847
08474890942
38170847818
38163682809
38108699886
38143396819
38110801803
38151902825
38148847878
37973663886
38152647829
38132881885
38145136814
38139823864
38160233809
38150630864
38108378818
38161757836
38136257884
38166993830
38163181850
38145572800
38137531823
38107168801
38112105804
38141156861
38110231870
38166096862
38106133800
38162680802
37957443850
38143906876
38109384838
38103991830
38146086829
37965896850
38108271851
38108723850
38107336879
38107750888
08486965900
38018751803
08517265939
38147175892
38144333861
38153032810
38169340802
38147983840
38151067888
38152519820
38114508833
38164877859
38111194862
38134943810
38022204803
38018447810
38146306888
38104730819
08503823942
38149746897
38019388834
38165828851
38109437893
38022904880
38021334800
38165006843
38020567879
38024296802
38169017866
08437667941
38022511803
38109537847
38106351890
38019505814
37970598846
38026089847
38018555893
38173331880
38151010851
38168137809
08444944963
38152894834
38027290805
38111559895
38025274888
08473966902
38174416811
38151796880
38158093809
38020206850
37961394850
38022874876
38154036851
38114583886
38023254863
08508576943
38031861889
38170589851
38022452882
08498218942
38024719894
38025117863
38022223859
38027800862
38027175895
38032296859
38134826857
38104944886
38112107858
38027006864
38028434878
38171934838
38139990841
38136479860
38023186841
38030002890
38031545880
37965846837
38032154809
38028059848
38026761812
38033044829
38023844822
38106306836
38035835866
38036199807
38106112802
38020799818
38030374844
38144531825
38026452860
38019774807
38037352897
38036583810
38033963875
38039698839
38032407863
38038336801
38105474840
38036677806
38043080828
38028718809
38108493838
38140617806
38043280835
38041942814
38032184899
38031932816
38043905878
08516887995
38036164841
38023366823
38151694882
38026150856
38040623855
38040939810
38040903890
38041468802
38032037837
38035130811
38048910802
38043503800
38040815843
38047345885
38053378846
37951743844
08494075918
38032166807
38038276809
38153194801
38055620806
38030274890
38036033828
38054362897
38032995862
38057260823
38048083876
38054463812
38027401810
38143726894
38053746829
38042103840
38054548800
38041835813
38050907813
38034640808
38060053892
38049281884
38058277843
38040169879
38053643850
38057540869
38055646864
38058476889
38039343895
38055958831
38062636801
38060735896
38106657892
38051743814
38024264870
38025250865
38061101823
38060322893
38057355883
38057057866
38021848820
38062794890
38059801830
38062757854
38061194813
38052559855
38058563854
38049344800
38054508859
38058157864
38066711840
38058051870
38057066857
38053486819
38043077878
38061420848
38062580822
38063615840
38044747800
38052100860
38058846805
38038771800
38056029877
38063364821
38059831828
38063096800
38063575873
38067028885
38066078854
38164001830
38167171876
38066020856
38064938805
38066594860
38055220883
38067771871
38043339821
38033786809
38027507804
38055249865
38052375886
38057233850
38070374896
38070100842
38068604839
38069551828
38067674833
38033001852
38032510877
38053240810
38059227874
38066236867
38071825867
38061964864
38058709816
38056454810
38072871838
38071336823
38073378817
38073564874
38069269804
38030656823
38064233852
38068348816
38057704802
38069239816
38074388824
38066368852
38062812898
38075654854
38068250840
38068120807
38076754852
38077107877
38071523852
38059662880
38077682898
38038610806
38068953841
38067333840
38079246807
38068258825
38072643886
38138753854
38076869838
38076091802
38147709862
38058192856
38066504896
38067920893
38075044860
38074137821
38046835846
38114094842
38069769882
38048528827
37969831893
38077782841
38044363823
38046819808
38080194840
38050305848
38077441858
38175109858
38080679851
38078900848
38081509801
38176756822
38082013800
38079201889
38113126856
38176542865
38068327819
38078081839
38178751852
38177238817
38178726823
38046595861
38181845854
38074910822
38182744873
38175903856
38179486893
38184163894
38037221873
38078268823
38085095890
38077669875
38076064830
38079587892
38074207897
38078958846
38084889800
38080474885
38082922885
38074190803
38184922809
38027872855
38070109807
38075245849
38060271881
38043205892
38179955800
38198873856
38075643810
38079722854
38177522884
38074292800
38080339830
38168520840
38198970894
38076338808
38175225840
38081392858
38079515808
38199455802
38199886889
38197750807
38197828857
38078959818
38057848804
38180914801
38084693824
38083563838
38202159806
38179519813
38181090870
38085009803
38199630817
38082943882
38175340860
38177831836
38201574842
38176521868
38199199881
38175347872
38201293835
38203271855
38203177832
38178608898
38179764885
38184432895
38168882830
38206273832
38140506818
38181269845
38143344851
38133252881
38078002807
38201176871
38207234806
38029210892
38199334843
38206301801
38185303860
38202446899
38181019814
38206875808
38203118828
38207771801
38205747865
38206647856
38080513880
38207947861
38205785872
38199037806
38208364894
38205396892
38207437820
38205861803
38179646840
38211184826
38203527833
38202278813
38206113800
38208887803
38151852895
38198723889
38176615846
38033447869
38197768854
38206262806
38207684836
38184500807
38183723810
38206705805
38199559845
38209716883
38203522874
38197427860
38212049825
38185250804
38210661809
38211846802
38202545870
38200748804
38207219831
38215719856
38217622841
38217006881
38051741870
38046023809
38209579878
38203809812
38209507885
38214711827
38216188846
38201877829
38198307826
38213523881
38186485813
38074252841
38214559855
38210324802
38216110812
38147934807
38215116809
38210537806
38214476801
38217575827
38216151845
38191625857
38189455869
38210377841
38187764821
38192186881
38204554850
38187237880
38210993801
38081499814
38215351808
38214333881
38187109882
38157771862
38188251810
38194507855
38196005822
38196518889
38193330889
38217483892
38191978857
38188669881
38181528883
38191189852
38193095863
38286703855
38186131841
38019782818
38216554885
38191973898
38218068856
38289181825
38287217881
38192090850
38215735894
38193721802
38286586875
38194205840
38193176863
38018614814
38216917864
38215469809
38286494830
38288313892
38196339879
38187927801
38216150873
38287449820
38176502804
38198567810
38286821890
38295981811
38290274866
38194106869
38289018835
38187076852
38288874819
38293189878
38217604860
38297863875
38290397860
38298121830
38290214880
38294988880
38191647826
38187874848
38293204850
38066680864
38030512821
38193945832
38298119851
38196358822
38187649801
38204237880
38292619852
38289978804
38195867847
38292132805
38207713879
38297780821
38301657812
38296922851
38297742814
38290630832
38194609852
38287017874
38300246819
38301813881
38296666839
38040016886
38295481843
38300606882
38300805818
38301123869
38297733823
38301810866
38063005856
38183936806
38300150897
38306116844
38289480814
38297802817
38305557847
38307069874
38190487825
38303066870
38146891861
38214247888
38286732871
38307309859
38293401842
38302921807
38301924870
38289829809
38296881802
38287146844
38288371825
38305650898
38188042811
38304138824
38305502864
38300747869
38308534830
38300327819
38304411857
38068674888
38285880850
38308616801
38290083840
38306323807
38307369835
38023189867
38307673828
38038816846
38243014829
38241076860
38042365888
38241043856
38187602848
38295146890
38309569831
38293506865
38247829878
38241511892
38245665835
38240545823
38243667890
38211476878
38246824864
38299635802
38309986866
38306893816
38299452805
38306510828
38248509826
38243523898
38186149899
38083306860
38249490835
38254231826
38253576862
38246101838
38253784899
08726600951
38256156856
38254864861
38195673805
38247901811
38187423838
38243252843
38250610865
38298471814
38256376899
38256691816
38305455840
38307846862
38249649885
38075522869
38184556861
38248671844
38313640871
38317821803
38318748832
38248666840
38253908881
38316499878
38317518892
38320004888
38254177864
38254413851
38312970886
38244229802
38186158880
38312588809
38317132862
38304997878
38181221800
38322263899
38314653802
38253645856
38244286873
38313341882
38293246855
38250465830
38325190841
38247664852
38316800861
38324765808
38327850865
38250354842
37970732836
38249428870
38330094898
38306054806
38316880873
38324066896
38319763843
38313996897
38029675852
38250328841
38331655885
38301128828
38218164812
38082894814
38315136860
38336327800
38310446861
38337520841
38314135844
38336567860
38286230850
38311095833
38333111858
38331803825
38324041800
38306067886
38323551898
38302637831
38337000848
38337483890
38331909810
38333080871
38255451803
38319909805
38333868860
38337016841
38326695823
38250210840
38329416810
38321724833
38343387880
38318396898
38310386869
38305373878
38312086897
38334068875
38341349884
38339368869
38340018809
38343090870
38327916807
38322521855
38343704878
38333841821
38309689810
38255470867
38332499860
38332393876
38339136810
38220394897
38343637828
38320551854
38319081840
38344412870
38342888886
38325040874
38211891859
38342697860
38343239857
38218702814
38241311885
38245073822
38325487852
38220516836
38248934870
38213569873
38345196853
38213627822
38339800876
38332408814
38308236812
38332819873
38220724862
38339206885
38220444827
38244914866
38326725838
38075728807
38219439807
38176202843
38219996838
38338681806
38305318850
38343112865
38220778873
38253632878
38336335811
38222385895
38219558806
38220175826
38333869831
38071305863
38178196840
38335694842
38224759806
38212388875
38222279866
38190802879
38342824802
38309608837
38228996829
38225544803
38323778833
38227038859
38247268825
38228459815
38226894832
38221057835
38228803885
38228278861
38226302846
38222735896
38228922892
38228199805
38226565855
38222335871
38218862854
38191392810
38191884879
38225978803
38230579873
38226984823
38220612800
38227025870
38230271828
38231056807
38311294879
38229651892
38191772809
38229057800
38289953810
38237688830
38231297839
38222258869
38233470805
38347386897
38233244899
38223187876
38231527850
38346309856
38315923811
38344583845
38233443824
38231404856
38238015898
38231407871
38234714813
38226628873
38233510874
38232484802
38238757878
38238880807
38227153879
38348796819
38350365803
38358333838
38233977888
38346224869
38350348801
38359370818
38357888844
38237959884
38231664840
38315712870
38344553857
38349432829
38230983810
38230381844
38352551850
38349784857
38229348871
38362687878
38233133809
38361882871
38360168857
38219063831
38342958841
38235453886
38363603813
38358250894
38364150898
38358004850
38229123870
38357912818
38364836889
38356068835
38363609854
38339944878
38356364809
38351198854
38360466874
38231648801
38360338876
38235318830
38226213827
38351060828
38367004841
38367597800
38230639876
38361724885
38225085868
38238426847
38359468893
38348774840
38362588896
38219937823
38343528883
38361064850
38312996842
38368804825
38366135810
38244170816
38363430889
38355444892
38369139841
38369539866
38233465801
38369650899
38365384825
38370014828
38354300846
38224791874
38370904858
38366316874
38352606859
38356213860
38366994864
38350822805
38366629813
38355885830
38221244864
38351626830
38365038838
38371789866
38356917832
38371549806
38220718897
38371848897
38353056895
38367601858
38368027837
38371056877
38360719837
38372012873
38252993842
38253398824
38361689877
38370185800
38251070864
38257299820
38372141843
38233394866
38251484839
38238980860
38257448842
38258394860
38258672851
38289274831
38260770830
38258786865
38365271893
38259202832
38372327866
38196373899
38250733860
38350879831
38227183867
38361421807
38261734811
38259590824
38257558869
38115775819
38369120822
38259406837
38229105898
38373152822
38290004800
38260396882
38120442857
38122225829
38261187829
38124293813
38253798849
38119313852
38124787816
38370051863
38370496806
38117694808
38117805812
38114656867
38254482829
38121792886
38117503808
38115480851
38127524840
38120882822
38122202888
38358653824
38121209846
38122199801
38126533897
38122858864
38258232886
38262594835
38126949805
38366554899
38259292807
38129725819
38125575847
38120582861
38123539894
38261074897
38124896860
38127758833
38119171888
38132468848
38127852856
38129916835
38127109860
38293448806
38086802884
38121444845
38131111806
38333637892
38129991888
38129513803
38128443895
38122486894
38117129850
38308222862
38132020898
38259171856
38124666865
38127627810
38089109845
38131126838
38127638854
38120215877
38253287836
38130295814
38116193813
38370172814
38118873862
38088334837
38088302803
38115021822
38129915863
38118934837
38085865831
38128061852
38130779854
38240042830
38333596843
38119073878
38131973875
38117199807
38091231881
38091856806
38127516821
38091791836
38085602822
38091700890
38087962869
38090460860
38312112804
38122604846
38131776883
38089482805
38126064889
38118813886
38086145875
38123845820
38087224876
38090763847
38093487832
38124960895
38096157817
38093463810
38094138874
38221697818
38089873839
38252626858
38373026878
38099324854
38250968824
38132232801
38094365854
38093033807
38257396869
38099996879
38100086800
38100399859
38222366831
38091961855
38101775803
38099127862
38087752899
38097077833
38099621808
38100373892
38252866816
38095614874
38312819800
38103988880
38316140837
38098688844
38095894893
38132244818
38262285883
38127930830
38129239809
38215057888
38018751803
38295332848
38226837871
38095476897
38116042874
38258469894
38088752833
38102353856
38018555893
38105474840
38092477825
38115434825
38115569836
38019774807
38114807822
38235009889
38020567879
38107168801
38022452882
38103991830
38323156832
38023186841
38025250865
38021019875
38107750888
38018614814
38234214845
38120358805
38331511883
38022204803
38027006864
38022253847
38106657892
38106351890
38027401810
38088804817
38029675852
38026150856
38020206850
38027290805
38028434878
38030656823
38102244801
38098931889
38024264870
38098673812
38096814826
38023844822
38027507804
38252118860
38023189867
38229685878
38033447869
38095258806
38220936886
38032037837
38033963875
38020799818
38022874876
38031545880
38032510877
38035130811
38030002890
38037221873
38022511803
38038336801
38129087863
38028718809
38032407863
38043080828
38022223859
38032154809
38019505814
38036583810
38025117863
38027175895
38036199807
38028059848
38092242860
38019388834
38040903890
38038610806
38043280835
38035835866
38027872855
38026761812
38032995862
38040815843
38041468802
38043077878
38039698839
38038816846
38024719894
38043339821
38093691871
38047345885
38044363823
38033001852
38046819808
38042103840
38224778851
38049344800
38054362897
38048083876
38238920884
38043503800
38226172888
38029210892
38031861889
38052100860
38340765892
38054548800
38051743814
38042365888
38053746829
38034909874
38031932816
38041835813
38038771800
38043205892
38101743863
38099652860
38053486819
38048528827
38097732807
38037352897
38040016886
38221825832
38044747800
38124484830
38053643850
38034640808
38056454810
38050907813
38036033828
38106133800
38040169879
38040623855
38053240810
38090088856
38052375886
38371269862
38372723893
38055220883
38043905878
38055646864
38055958831
38033786809
38053378846
38051741870
38050305848
38108271851
38038276809
38058476889
38056029877
38235818809
38057057866
38130884801
38234760840
38058192856
38052559855
38040939810
38057066857
38055620806
38066368852
38058709816
38235672847
38049281884
38021848820
38058277843
38239570828
38090595871
38059227874
38068258825
38115315818
38067771871
38063575873
38063615840
38072871838
38064233852
38090894860
38062794890
38026089847
38059801830
38064938805
38066236867
38067333840
38074207897
38072643886
38027800862
38074388824
38070374896
38069239816
38238308801
38062580822
38068327819
38058157864
38061101823
38071305863
38039343895
38066680864
38057848804
38060322893
38076091802
38074252841
38066020856
38069769882
38055249865
38250804805
38068604839
38062636801
38023254863
38078268823
38075044860
38067028885
38071523852
38077669875
38073564874
38074137821
38076338808
38076754852
38080474885
38073378817
38079587892
38071825867
38066078854
38058563854
38078081839
38060735896
38077682898
38252354831
38076064830
38032166807
38075245849
38085009803
38071336823
38176502804
38080513880
38069551828
38033044829
38068674888
38074190803
38251743877
38077782841
38062757854
38057540869
38059662880
38081499814
38061194813
38077441858
38070109807
38079246807
38080339830
38176521868
38175903856
38175347872
38069269804
38077107877
38053668844
38074292800
38032296859
38081392858
38079515808
38032184899
38060271881
38176542865
38075654854
38178608898
38178196840
38057233850
38076869838
38083306860
38083563838
38078900848
38178726823
38177522884
38175225840
38179955800
38030274890
38179764885
38078958846
38075522869
38085095890
38080679851
38175109858
38068953841
38181269845
38078959818
38080194840
38084889800
38100470820
38259964848
38103007803
38084693824
38082922885
38184432895
38176756822
38258096842
38184922809
38185303860
38066594860
38181221800
38185250804
38176202843
38079722854
38184500807
38200748804
38063005856
38184336829
38197828857
38197427860
38082943882
38063096800
38183723810
38184163894
38082907819
38068120807
38181845854
38197768854
38184720840
38201877829
38179486893
38062812898
38202545870
38199037806
38183981860
38183843808
38078002807
38197750807
38063364821
38205785872
38202446899
38207234806
38206262806
38207713879
38075728807
38199455802
38203527833
38183936806
38199199881
38211846802
38206705805
38202278813
38207771801
38123441819
38182155886
38205861803
38082013800
38198567810
38207996803
38203118828
38209579878
38061420848
38206113800
38179646840
38215719856
38068250840
38215057888
38209716883
38201574842
38186131841
38187076852
38216917864
38215469809
38203522874
38208364894
38081509801
38184556861
38179519813
38216554885
38212756858
38202159806
38217622841
38181528883
38212388875
38206273832
38187874848
38186158880
38218068856
38186485813
38182744873
38213523881
38186149899
38211184826
38218164812
38091729871
38204554850
38187423838
38193721802
38214711827
38175340860
38205747865
38215116809
38190802879
38213627822
38213569873
38217575827
38207684836
38203177832
38214559855
38193945832
38210993801
38192090850
38187927801
38211476878
38209507885
38104730819
38216110812
38089412866
38104944886
38285880850
38194507855
38188251810
38214476801
38195867847
38187649801
38198307826
38181019814
38193176863
38286732871
38216188846
38206301801
38180914801
38211891859
38208887803
38189455869
38187764821
38194609852
38196339879
38287217881
38215351808
38022904880
38181090870
38216150873
38107336879
38188669881
38287017874
38193095863
38195673805
38286821890
38196518889
38058051870
38057355883
38239895883
38290004800
38201293835
38067920893
38289829809
38292132805
38214333881
38288371825
38289181825
38199334843
38289018835
38030374844
38287146844
38187738820
38289953810
38290214880
38293189878
38289274831
38297780821
38192186881
38198970894
38290274866
38289480814
38295146890
38057260823
38025274888
38286586875
38293506865
38293401842
38294988880
38191392810
38199630817
38293204850
38201176871
38290630832
38286703855
38292619852
38299452805
38290397860
38206875808
38074910822
38296666839
38305557847
38306067886
38301128828
38297801845
38307369835
38361032819
38295332848
38304997878
38293448806
38293246855
38300246819
38210661809
38286230850
38308236812
38301813881
38303484877
38295481843
38216151845
38306893816
38297863875
38300327819
38187109882
38306116844
38297802817
38304411857
38305318850
38190487825
38303066870
38305650898
38198873856
38306510828
38310386869
38210377841
38302921807
38290083840
38307069874
38308616801
38306323807
38309608837
38296922851
38244286873
38301123869
38247901811
38023366823
38307673828
38250610865
38244914866
38253645856
38242386838
38253798849
38247268825
38301924870
38248934870
38250354842
38253576862
38300606882
38300150897
38212049825
38301657812
38191647826
38313996897
38313640871
38075643810
38302637831
38196005822
38249239806
38250328841
38249490835
38250465830
38311095833
38311294879
38055303827
38286494830
38254231826
38317132862
38308222862
38312996842
38314135844
38315923811
38316800861
38250210840
38210537806
38312086897
38316499878
38254177864
38244170816
38254864861
38314653802
38312112804
38253908881
38315712870
38312819800
38323778833
38054508859
38060053892
38309986866
38324066896
38248671844
38256156856
38241311885
38243667890
38320551854
38325040874
38245665835
38249649885
38255470867
38018447810
38187602848
38246101838
38313341882
38246824864
38326695823
38305373878
38320004888
38327916807
38241511892
38243252843
38323156832
38299635802
38317518892
38332819873
38322521855
38319763843
38300805818
38333869831
38092075867
38333080871
38326725838
38324765808
38329416810
38334068875
38254413851
38256691816
38324041800
38325487852
38243014829
38323551898
38325190841
38333868860
38242267820
38253784899
38337520841
38254482829
38339136810
38327850865
38247829878
38305455840
38203271855
38183843808
38207947861
38248666840
38321724833
38070100842
38316880873
38318748832
38297733823
38307846862
38341349884
38332393876
38304138824
38337483890
38339944878
38306054806
38333841821
38337000848
38340018809
38333637892
38344583845
38343112865
38343090870
38332499860
38331803825
38344412870
38342697860
38301810866
38336335811
38335694842
38219063831
38343637828
38245073822
38247664852
38340765892
38221057835
38177831836
38220612800
38223187876
38224791874
38221244864
38331909810
38339206885
38343528883
38220759810
38330094898
38318396898
38220936886
38344553857
38342888886
38227038859
38229651892
38342824802
38224759806
38220175826
38220394897
38337016841
38241043856
38228199805
38219439807
38219558806
38222366831
38226984823
38222279866
38218862854
38229348871
38225544803
38343704878
38229123870
38226565855
38220724862
38199886889
38178751852
38235453886
38131828867
38198723889
38229105898
38243523898
38235672847
38342958841
38224778851
38227183867
38228803885
38231527850
38226172888
38230271828
38221697818
38228662882
38239895883
38222735896
38234760840
38233977888
38234214845
38222335871
38226628873
38219937823
38230579873
38231297839
38240042830
38238920884
38026452860
38220516836
38238757878
38226894832
38227153879
38227025870
38348796819
38238426847
38234714813
38228459815
38352551850
38233510874
38231404856
38218702814
38226213827
38237959884
38298471814
38336327800
38350348801
38233133809
38238980860
38238880807
38233470805
38237688830
38358250894
38312588809
38231648801
38353056895
38235009889
38228996829
38214247888
38233244899
38231664840
38228278861
38230983810
38346224869
38305502864
38352606859
38217604860
38241076860
38356917832
38231056807
38082894814
38357912818
38343387880
38215735894
38235318830
38191189852
38298121830
38231407871
38199559845
38217483892
38348774840
38358004850
38287449820
38315136860
38350879831
38359468893
38307309859
38331511883
38235538873
38364836889
38207437820
38229057800
38366316874
38349784857
38359370818
38309689810
38221825832
38361421807
38351198854
38369650899
38205396892
38366554899
38225978803
38363609854
38368027837
38362687878
38355444892
38360466874
38233394866
38362588896
38238015898
38229685878
38371789866
38363430889
38233443824
38349432829
38366994864
38239570828
38370051863
38196373899
38365384825
38373026878
38343239857
38367597800
38251743877
38253398824
38369539866
38371549806
38260396882
38358333838
38371056877
38363603813
38361882871
38361724885
38259964848
38257558869
38310446861
38250804805
38226837871
38253287836
38370904858
38370172814
38252354831
38360719837
38258394860
38372723893
38370615821
38257299820
38371269862
38361032819
38361064850
38297742814
38317821803
38252993842
38259590824
38347386897
38252118860
38259292807
38252626858
38262594835
38350365803
38251484839
38364150898
38258786865
38366135810
38355885830
38333596843
38365038838
38339368869
38259202832
38289978804
38358653824
38371848897
38061964864
38194106869
38258232886
38365271893
38367004841
38370496806
38371668805
38250968824
38370014828
38370185800
38255451803
38298119851
38346309856
38261187829
38235818809
38257448842
38259171856
38356364809
38261074897
38367601858
38351626830
38257396869
38331655885
38338681806
38217006881
38260770830
38350822805
38250733860
38373152822
38258672851
38372327866
38184336829
38226302846
38220718897
38240545823
38360168857
38319909805
38187237880
38332408814
38345196853
38369139841
38366629813
38356068835
38220444827
38367375823
38234125826
38258469894
38230639876
38191973898
38228922892
38357888844
38368804825
38354300846
38230381844
38261734811
38369120822
38251070864
38154040883
38233465801
38222385895
32635213810
32635325880
32634776845
32635348820
32634727801
32635456801
32635388881
32638014818
32636966889
32641895854
32636217851
32645915884
32638532878
32635983844
32649131861
32646061862
32647920877
32651021814
32645688888
32650788844
32643908848
32644691893
32644475848
32645239811
32652502883
32645652859
32636513825
32648822801
32650428805
32645761801
32652527878
32653259893
32649278889
32637965851
32651280836
32639489895
32652986805
32655272803
32653950812
32654108899
32654148840
32656307813
32655283830
32656465800
32654179800
32661069895
32660671850
32657423850
32664555847
32653815877
32653087820
32664962809
32654372804
32669625835
32660287830
32669293816
32656224870
32664523805
32667509854
32664863827
32670628885
32665252805
32672453896
32673305807
32676367870
32669908896
32675916862
32678032841
32679902890
32659072876
32685226885
32685195807
32676899880
32640171801
32663742821
32691427811
32684500835
32670004830
32678200817
32664693808
32672009899
32685698892
32688360892
32691949869
32648887857
32690578816
32685292837
32691693880
32692058801
32691958850
32691447847
32688813862
32688086898
32695149808
32692729870
32695222823
32676225812
32684343802
32694209866
32697049843
32680016882
32676249835
32698306882
32639831801
32697894837
32691820823
32642263835
32701719860
32701188806
32707523852
32700417801
32702074847
32702198813
32719762873
32670152864
32717882863
32702692850
12045747743
12010542908
12058385705
12024446957
32701360803
32685976884
32673520880
12026834792
12022444752
12030689645
12010304802
12025147821
32422006833
32697221840
12010896467
12027542604
12016615958
12024631690
32430050862
12056032716
12028481412
12044042835
12016662956
32428084879
12011750466
32422827870
32696943850
12028863960
12015996796
12047535808
32700125860
12045671585
12057156737
12025123485
12011338905
32430840839
12053537981
32661035800
32429406870
32439475882
32431130835
12030540684
12050224737
12017328677
12025113765
12024015387
32433421802
12040730664
32428116827
32431926842
12058292707
12025907486
12017140287
32448216851
32439338893
12031237446
12014307636
32436210896
32441268805
12045085937
32440809870
12012715419
32452383805
32452285897
32446814840
32443623890
32449848860
32646280823
32450651837
32443726860
12049334648
32421503841
12055698630
32443508870
32439808873
32458639852
12046495616
12020056755
32433982820
32438447893
32469035813
32466388880
32471899803
32440691852
12012487793
32463827866
32439397806
32467210847
32423292872
32648850856
32453816896
32442537842
32469678811
12050708777
32448440816
32472950896
32441684850
32445260809
32432665805
12053543795
32460664850
32472129815
32463631880
32439727873
32472356803
32448976813
32458058884
32445832888
32695134886
32433550874
12048796648
32446649890
32460608861
32458919898
32693291801
12022060423
32477886894
32479427854
12053298898
12050420757
12029519960
12054651621
12040212795
32422065848
32698373806
32450410805
12011561736
32458453830
12046586417
32486490892
32451409835
12041016981
32480901890
32498431802
32470430801
12042334626
32637192895
32481222857
32494418801
32487490837
32446279864
12013648766
32479954803
32461002843
32494382866
32504990804
32501289889
32494817854
32473261890
32678178897
32437771867
32468915836
32499652861
32540177816
32700542894
12044764709
32521611840
32519181842
32505424829
32505240850
32512761827
32513768884
32531160850
32543318852
32527540880
32693543800
32432761871
32528711816
32528595808
32554833877
32481301803
32508612863
32506126856
32554887888
32527635830
32528452888
32485709890
32498461809
32512300854
32499076852
32500468844
32455008827
32552591850
32480655830
32507170883
12037677650
32505773831
32546026844
32422129838
32492903869
32567220836
32514054893
32523752816
32480297810
32461134839
32543276831
32521800813
32491426897
32562801881
32464144835
32485496889
32449830812
12029266906
32465725858
32519671858
32476844845
32562937864
12024156797
32466601826
12050477864
32561477800
32530029857
32447895879
32567204806
32552184898
32685187880
32519421827
32520828889
32571723898
32568230843
32544180854
32589116810
32597461882
32590114800
32585197816
32559926806
32479052869
32551893810
32488133850
32588921809
32575493854
32575102847
32563142873
32591049840
32525829883
32553791801
32591755809
32551722845
32500529819
32495133851
32579291881
32589356889
32545739863
32599680832
32611505802
32552679862
32512395898
32590915802
32558587803
32603722883
32613157844
32604813890
32499288876
32612991859
32603369822
32483578861
32494361869
32607460808
32611534829
32590996896
32609607830
32569477869
32623012806
32600131809
32550351800
32573918890
32599565812
32637908890
32605894819
32630626890
32569096806
32610969856
32609783809
32483688888
32634136862
32600398805
32530796866
32638803812
32644527821
32634047843
32618701844
32628374820
32569080802
32615720864
32611663807
32625949899
32505080801
32643765800
32625860804
32563008808
32612065865
32655242807
32625450827
32635616850
32628602806
32651573850
32642251829
32599858836
32515906850
32623116857
32589216874
32637717874
32654767825
32642579808
32564410847
32653279819
32654536858
32612535845
32663502863
32663748862
32640321803
32670455840
32479668894
32660473897
32693951836
32687645842
32663514870
32695244800
32675251879
32462593802
32623365806
32679812808
32717863800
32694493807
32694872824
12015022414
32591954836
12008739635
32589798806
12027578986
32692449835
32702149871
32636365885
32656166810
32645798802
12045875660
32685324895
32650670843
32654763838
32476977802
32700722876
32602285862
32656121809
32458954880
12032924498
86454077527
32655605896
12055704974
32656577870
86395526570
32701223814
32593508884
32477314823
08610201970
32685909850
32611437890
32700656806
32669454844
12047467454
32584193884
86511608522
86336619508
08510953996
08460793990
32678158861
38141864866
08492865903
32698978805
32507002824
08508768931
32700242823
32503767877
32610486898
32659737860
32698053810
32702010873
12055479679
38228662882
12013091745
08735730994
32509013858
38297801845
38029053851
38006193851
38066504896
38082907819
38212756858
38142214865
38139791806
38019782818
38021334800
32700089880
38216551860
32688068806
08486101999
38014581806
08452736983
08541456994
38302261874
32670414818
38234125826
08455398922
32699994880
38225085868
38219996838
32688918885
38130619814
32665841800
12040062700
38339800876
38068348816
32701804892
12024125484
38222258869
38022253847
38029053851
32483967841
32541541856
32644952875
38295981811
38296881802
12023139902
38248509826
38187738820
38207219831
38257764841
32450588884
32719995894
38058846805
38220778873
32482908892
38048910802
32731002816
32723723852
12009515498
08545949901
32730254846
32628721805
32613069805
32725638810
32732305847
38258096842
32724145844
32488389811
32723249840
38372141843
38124976899
32728216860
32679989805
32734369800
38034909874
32698190809
32730970860
32554334870
32625746866
32513455835
32731683821
32543150811
38256376899
32599999812
32736095839
32723589862
32487189860
08745804982
12011806941
32736048830
38288313892
32722106876
12028227460
32697826831
32733086804
32729258809
32494129885
32494265800
32669645860
86417166538
32739357826
08470947907
32583390821
08487365914
32616045818
32740272863
32720321850
32691900851
32727105827
32744737828
32615864866
08647074955
32725655820
32734010879
32745814885
32454075806
32732053856
32746284847
32746968894
32738627854
32741902844
32733617869
32734940850
32746676842
08458551900
32625595809
32749276861
32563385857
32744746819
32722395886
32739153821
32749436818
32748960807
32745318802
32735484874
32750381843
32750493803
32636710817
32502694841
32749479894
32740066880
32749822882
32732753831
86345456527
32626942820
32744309869
38312970886
32544133856
32750599806
38242386838
32757580809
32745269836
32738518800
32548462811
32754071806
32721965875
32759702839
32740275889
32759831809
32637076801
32755843837
32751071864
32730477802
32722433800
32734004801
32758929830
32748983840
32622495803
32725651832
32734650851
32766444874
32766897828
32770769898
32767755814
32530362866
32766234802
32749003890
32738245811
32766061860
32763540805
32659502803
32751081827
32766026878
32772414833
32759302814
32773879848
32760282805
32756953806
32770802852
32754815848
32778544852
32569835889
32744957860
32752796889
32757260804
37975993824
38093568832
32771183803
32756890880
32773621832
32771407841
32787311822
32770597825
32779517824
32768275816
32779838892
32779679808
32739328800
32785010809
32750101824
32772529819
32775455808
32779425890
32787508880
38249239806
32767371838
32789487855
32769112805
32775828841
32757910876
32775394825
32763094830
32782893823
32770533851
32786813808
32790750840
32769398865
32792386843
32702239862
32776130899
32770981846
32720217875
32791985859
32739337809
32724212894
32790714886
32749444837
32794468804
32767119829
32746358808
32784699846
32793661864
32771442833
32609865880
32770985833
32729694897
32779509805
32770819828
32737201829
32688034820
32754214844
32792214805
32755556854
32744217824
32794198831
32734355850
32724416899
32725268893
32738756824
32727394837
32772492800
32787454852
32795526808
32738352812
32779926830
38242267820
32732990884
38303484877
32754218831
32449659897
32756660884
32734225808
32753666881
32720439851
32757811894
32733376802
38055303827
32727425813
32766128875
32792005807
32654606813
32742210822
32736078829
38036677806
32786755840
32742310886
32736952855
32789898804
32739488840
32727017880
32723530892
32748307801
32720902829
32759698890
32741673802
38113107800
32767273828
32747682862
32742566848
32721795856
32755947888
32726906893
32618503880
32749493889
32741506817
32745798820
32738255884
32778673822
32763784852
32787217800
32746209802
32759944840
32760335852
32737565863
32692763890
32722576830
32726889867
32785926897
32733799878
32757209884
32724872800
32763303854
32756254894
32735172805
32723860841
32720236829
32780603852
32763161880
32777718814
32775419836
32768701858
32778727850
32787769845
32780039850
32740855885
32729398813
32790033854
32794674897
32791846816
32785748859
32791613803
32755486899
32762307805
32773205880
32774760810
32792465808
32768142859
32784560848
32771530880
32749121825
08478794964
32700150899
32721292862
08561803940
32742725822
32764841884
32788379838
32757046802
32749790824
32785205804
32722071800
32776685840
32789137870
32789244871
32793842818
32700810813
32755850884
32787941842
32760311830
32722417871
32743345888
32789747865
32780321873
32790526885
32747737861
32727993897
32766516883
32757407848
32768707899
12056878666
12058782704
32792981806
12057802620
32775578802
12053719664
12061241727
32729530860
32752416806
12061157777
12063032718
12064453784
38308534830
32785464826
32779411830
32729101829
32756655880
32723424863
32737094801
12058292707
32424758875
12061304745
12060328713
12055955705
32767575832
12067706780
12076574760
32746586851
32748755898
12072092795
32743501847
32738785840
12070069710
12065224703
32756459860
12068938774
12075333785
32750143829
32739928831
12077503793
32753925810
32757610805
12077345780
12072855799
32791221808
12065774797
12077596783
12064744754
12068391716
12077840790
32732948845
12067934732
12064764780
12055704974
12059800757
32728828806
12070463702
32553772858
32553772858 # BY DRACULA 
38194205840
12069399745
12063716765
32763405851
32769001817
12069951731
12078262781
12073931774
12072236703
32763184820
12072173795
32767469803
12079435760
32679937848
12060856736
12073677703
12077153792
12059063710
12062446748
32758607808
12073354793
12079131702
12077430702
32766278842
32773083830
12054138711
12079234781
12081664763
12084742781
32791073850
12083436709
32789550808
12071024745
12074821700
12085175708
12083847750
12082284719
12067454790
12071150708
12081261723
32724237889
12088810781
12090351705
12053895632
12089008709
12057834743
32743712899
32789193860
12057343928
32720989843
12088225781
12077789743
12053543795
32724813898
12079755757
12091691771
12084668794
12055533711
12088097767
12078323756
12058385705
12065032707
12075753725
12066570737
12091381748
32748907825
12083374754
12066988707
32741297800
12087689725
12088859799
12080714759
12094119700
12057156737
12068385740
12091186708
12056032716
12085539769
12097449700
32788583877
12088482750
12087950741
12091772771
12088806750
12082191702
32794781898
12084322731
12070679705
12084163757
12088541780
12080860739
12091179752
12069769771
12087515735
12085283780
12098084714
12092080750
12083643755
12059039762
12060152763
12081982706
12088956727
12086388748
12300521784
38137473874
12094548740
12302539710
12055245686
12098467729
32756068837
12098245742
32742338896
12302393759
12305091788
12098970757
12067099795
12098988702
12097731716
12058094905
12065067764
12099290741
12068455706
12072487706
12303287774
12093048728
12054095729
12302030796
12072863708
12085817750
12095889789
12301753778
12309981796
12091656780
12305165730
12305016735
12305540760
12092218700
12302306708
12303175704
12304927718
12300963701
12099057796
12302329740
12311870777
12083027795
12305576790
12313152707
12310096750
12301921743
12302814797
12301547795
12091137758
12312782774
12308830700
12099665737
12306942773
12316790771
12315618746
12305064705
12315099706
12087166706
12308541776
12320604707
12306871736
12093503786
12312646757
12313035735
12090347783
12315324750
12087611700
12317372710
12319306757
12310421766
12321469781
32448346801
12323641778
12088890793
12314987730
12322379735
12082796701
32730474889
12316694705
12320096795
12055366980
12315587760
12092831747
12317466706
12323324705
32726645801
12075122733
12054853763
12315186773
12323574728
12315798701
12091325759
12313553795
12324699710
12320983708
12328694730
12321952784
12309901784
12316612750
12321181761
12326060733
12083212770
12320551743
12313728773
12318106703
12317476760
12324806738
12312717794
12301901718
12311854739
12088654712
12068052776
12068987716
12323441760
08475068944
12315189799
12326189779
12331790710
12328617743
12309759775
12312775727
12334826707
12326103726
12324202719
12090655763
12334900796
32786684803
12310908711
12335366726
12329478739
12310366722
12309278750
12329203713
32790365857
12314769740
12338294750
12332868704
12334542776
12309436763
12337253783
12324020793
32790505888
12335590790
12339634733
32739897855
12334177709
12335064711
12301267750
12343778701
12330556748
12082361721
12313634795
12080478761
12343980799
12328794793
12328752799
12344252703
12345589710
12342161751
12334724700
12317670737
12337486702
12338378776
12342107706
12340900743
12326053796
12343130736
12309186716
12349482731
12064414703
12335135759
12343034770
12343755752
12345216794
32788583877
12329968744
12320880720
12332974733
12345473762
12056324172
12348675757
12357156716
12342291701
12342891725
12065573708
12337963721
12320953701
12340457700
12345718706
12339309743
12055731602
12353714765
12351701798
12338395786
12339450764
12354766777
12332343741
12070309703
12348876736
02761402650
12088503773
12356195750
12348861704
12348596709
12091565717
12343588759
12055479679
12059213703
12356637796
12070644758
12347314793
12340155797
02761249607
12098254733
12060863783
12305328702
12305989792
12354151713
02762620180
02761585470
32779744804
32736382811
12353200737
02762518733
12350227731
02761992784
12356796754
12345538724
02761811909
02762857783
02763772064
12060299780
02763169163
02761977807
12357398728
12357646721
12352108713
12330678770
32758551829
12070561704
02762933471
02761389964
12064539743
02761871308
12078114758
12355067708
02764355831
02764464371
02762141532
02764287577
12337118738
02762830664
02763387233
02763064493
02761609085
12346521701
02762746280
02763289142
02763914977
12328198759
02762192102
02762379270
12093316757
02762314577
12304873790
02763081908
02761961390
02764327706
12073183700
12313635767
02765263922
02764298005
02762852200
02764452446
02763914381
32792419873
02765277478
12335019767
02764595042
12351831730
02763063098
02764955782
02765589950
02762006163
02761503171
02765935963
02762967104
02762898463
02763972233
02761563581
32742028862
02765295964
12350129721
02763525644
32791748806
02766482180
02763237002
12084593760
02761926641
02765559376
12078306746
02765073635
02766111107
02761774361
02763525997
02765002029
12320168702
12089569735
02766733957
02766038930
12063962707
02766338306
02764402775
02767464224
02763527183
02765118752
02766286675
12322469726
02767172100
02765742901
02761698916
02766443959
02766330755
02767811986
02766192425
12099751730
02768101982
02762291933
02766606254
02766414690
02767061022
02766301062
02766445064
02767831073
02767824379
02761133900
12089261790
02768343994
02767509422
12319400770
02761869583
12090657707
02761690265
02765490074
02765086966
02761211987
02766978046
02765159513
02767150203
02773373995
02770963244
02768435503
02766273344
02767232447
12325886794
02769695533
02768494003
12094117766
02770685848
02767774681
02772560031
02772658600
02768416207
02766818600
02767725982
02764540060
02766403060
02762980550
02767321113
02772421937
02768044067
02773193903
12080000713
02778648364
02766050639
02776423101
02766885030
02764875320
02763804101
02780339039
02766893130
02768104140
02779506350
02779367725
02780374888
02778795740
02779127686
02775922830
02766289690
12310445789
02778854851
02764965311
02769893505
02780055863
02768134058
02781169900
02779386789
02777048983
02778657517
12317108702
02782161105
02772998967
02780659297
02781854441
02780915986
02781591335
02782422600
12309927740
02765204675
02782198378
02782376730
02766968164
02782471139
12309012726
02781821608
02766121242
12320425799
02779831693
12308950781
02780983477
02780277840
02780431008
12321414707
02780848502
02779929820
32757706837
02781945080
02774185424
02783407680
12330488726
02781571229
02766411402
02766784942
02778883878
12354249799
02782771604
02782835513
02780175095
02781839990
02778626719
02781896950
02780048069
02782610430
02767274441
02783101416
02780083646
02767482044
12322791709
02781910619
02767434317
02779967080
02783613662
12328547788
02783620952
02762449740
02782564145
02783558033
02782050702
02783974096
02783087324
02762194903
02781423114
02781898066
02782920898
02780914904
02761651952
02775428800
02784317129
02779917067
02780907100
02782527371
02782862596
02771727994
02782538225
02783136473
02784486150
02767606460
12305509766
02777278474
02783218526
02766955003
12311205765
02784608603
02785025474
02784377105
02782354175
02784472523
02785189825
02783366045
02784126021
02783899027
02784571505
02779526890
02783397196
02785707397
02778936319
02785627016
02779851538
02785351002
02785681908
02785130502
02781227013
02784178846
02783945827
02782808460
02784204278
02781407429
02765247218
02785864220
02784772594
02780076003
02779032707
02783896001
02764473362
02784744540
02785980131
02765559104
02785605209
02786378923
02779840927
02782683314
02786352100
02787051030
02786205581
02786068908
02779788909
02785016130
02783353148
02786916844
02780376155
02787335063
02786701562
02786545927
02787535585
02766918140
02787721028
02785985605
02779365277
02785956699
02787363350
02786550092
02765510792
02787321437
02784568555
02787705090
02787843050
02785600592
02784347540
02788341164
02787941575
02787370055
02785606019
02785845862
02787348041
02786185025
02779802596
02787505910
02787853013
02788867522
02789451125
02789765731
02789072370
02785740840
02789182981
02768229199
02787837590
02787799990
12070574792
02785534603
02786627737
02783737205
02784562603
02789045216
02787161219
02783957086
02786501989
02789103356
02789148376
02790265364
02784358909
02789576254
02789815690
02762141702
02788033346
02790410127
02787173225
02762802105
02783143410
02783735008
02789654239
02788190956
02784321665
02787362540
02789751609
02789502560
02782185047
02762173736
02788202806
02788518005
02789945390
02787602100
02788369921
02788901305
02790533121
02788166907
02789472980
02788046162
02779689684
02784809340
02785166108
02790767114
02784995542
02780281286
02788405901
02786501202
02791645560
02787335900
02790356408
02789403317
02789674345
02786270480
02790894574
12357238798
02768220809
02789126135
12350313735
02790784396
02790195641
02779256575
02791011714
02786313805
02789335567
02765720509
02790055475
12318716790
02787004113
02787281702
02787147224
02789891281
02791499997
02764558511
02791578781
02790339902
02765805598
02789405107
02784119670
02787961762
12081494744
02788739010
02762254221
02780212632
02790517517
02790800006
02790427011
02781728900
02789293899
02761138619
02761288858
02790590354
02782653164
02765729042
02793066109
02762786401
02782344706
02787250408
02761207360
02762688060
02762551005
02762494702
02763078796
02782129210
02761129032
02761136403
02791462643
02788513984
02786415551
02761037340
02791531637
02763132243
02761837380
02762026946
02762122902
02763331360
12090467762
02765966761
02783198070
02762389070
02765720410
02766791566
02763741690
02765050341
02765783250
02766910085
02766706399
02765184895
02765915938
02766665935
02761306775
02766731822
02778614036
02764095902
02791643273
02762550386
02765377693
02778642676
02762018684
02788335199
02767107383
02766633731
02762053404
02761452674
02762338328
02763275001
02766709142
02762180783
02763712754
02766718729
02763024866
02791445986
02768493961
02766668446
02762688140
02761574001
02763807038
02766273182
02767987405
02763382274
02763142125
02767528303
02786165776
02782208357
02763934498
02765046905
02788609825
02767591099
02761940555
02765077037
02766919546
02764011318
02765959390
02765408165
02764587538
02765456801
02790907064
02787649831
02763413099
02768026328
02765337390
02765892385
02765850380
02786474990
02777281009
02765391840
02768203718
02788023111
02786580595
02768430455
02778737030
02761006704
02766305483
02761489080
02790633002
02768090174
02773429028
02790107963
02766963790
02762070252
02784358070
02767133708
02766429530
02777551740
02774670047
02768379085
02773428560
02769382675
02767853638
02762232414
02787480071
02787314066
02786183081
02783065789
02767551380
02778751297
02780171693
02767211601
02767955988
02767782358
02767511834
02775537847
02779113111
02765905622
02768359050
02767531940
02767232951
02765267910
02766761063
02774128463
02779551577
02780241659
02781451916
02780436662
02780462310
02778519718
02772460401
02762660998
02768506109
02781602639
02779818166
02787585175
02779288000
02780361123
02779542152
02764282001
02779906022
02781434825
02780092041
02761373960
02783544083
02782245120
02768265314
02783775050
02779830611
02783286602
02783501350
02784684970
02784793400
02781386405
02768354171
02782447181
02784158063
02781723770
02782293281
02767992328
02786650127
02785435613
02790177902
02780105046
12069846784
02784210243
02762802024
02761139186
02782214080
02781939196
02785399633
02765743460
02784490696
02785106806
02781269956
02781992240
02788701047
02786396824
02785683005
02782487302
02785795156
02786944112
02781772550
02777589127
02783936240
02790291608
02783859319
02782882783
02785225643
02783245094
02785109309
02786518601
02778617647
02780575000
02766802436
02784672530
02786874076
12335057774
02791546669
02785679407
02767799161
02782517813
02763278027
02780799978
02787654673
02783300028
02784403203
02786148766
02785635469
02771319799
02785189744
02786047650
02783250330
02784455009
02777551669
02781996580
02787231101
02780175680
02784168379
02777585644
02783447045
02762534500
02779321733
02787311717
02779273747
02786520690
02786948967
02786746582
02785621085
02762225710
02787480829
02787561403
02780076194
02788684878
02787746799
02785019075
02787424678
02786824303
02761098803
02784217841
02778933212
02786408008
02777448574
02787582079
02788825013
02768365963
02787600158
02763413331
02779371161
02787257917
02781660590
02788328060
02784161366
02787354289
02787718825
02781031895
02788293844
02788901569
02788213670
02789408033
02789723818
02789123543
02782408283
02788938993
02789822557
02789066647
02789569479
02789452369
02790202362
02782809199
02788573456
02765018022
02790982430
02788791607
02787809030
02784524183
02785806026
02788711867
02787656706
02788007264
02787142346
02786459680
02790261296
02791362932
02793479101
02788673590
02785028309
02789070679
02783383560
02787967701
02789703035
02788637527
02793786705
02767662700
02788611803
02793843601
02789147647
02789504261
02789044082
02791533508
02794956922
02793842540
02788558066
02791320504
02783308002
02794704796
02794404563
02794505408
02790585008
02795665220
02790775214
02795003198
02794463306
02793353000
02794405888
02795421275
02785566041
02794526081
02794433407
02791489177
02790109664
02763394019
02795498065
02787137180
02790426392
02784995380
02787744826
02794607405
02787462090
02785210107
02768131202
02795271281
02794207571
02789651051
02793432997
02769699873
02785049225
02795532506
02789066302
02795427397
02795646439
02788374500
02793493007
02793313122
02788936869
02795985993
02794647547
02794399039
02796099067
02780826371
02780238003
02795916673
02795872951
02793317110
02795782707
02793220205
02785941152
02795611058
02789107424
02794556584
02794808141
02795033429
02795861593
02793263940
02793584908
02789737100
02795917130
02795251760
02787750559
02796282260
02789721017
02787832016
02795481928
02790217394
02788045352
02796294862
02795938642
02795281163
02796544648
02789013284
02789859558
02794999818
02794827014
02796321932
02796646050
02796680231
02782444085
02765465126
02796407578
02796068005
02794387537
02795506696
02796098338
02790260990
02787706304
02796995143
02796743250
02796199363
02797263502
02796920640
02781048437
02790619514
02796778711
02782787284
02790612269
02787111548
02797102088
02796662926
02797334531
02782993429
02795836645
02798036054
02799404839
02793475025
02795904403
02799327079
02797770005
02796553205
02795091380
02799778321
02794566466
02796802795
02795961970
02784389707
02791378693
02797389352
02797040201
02793403890
02797619617
02799504540
02797215605
02800412410
02799836704
02799720676
02797597389
02799385516
02799084079
02800876670
02798414180
02800522356
02801057037
02798652286
02801038679
02800382910
02797779304
02800606371
02781773956
02793192902
02800346019
02799130283
02798767938
02801145327
02799307205
02795873680
02797985710
02800025999
02779704586
02800516542
02800122170
02801451525
02798799384
02798630045
02799328393
02795977702
02799748252
02799956955
02800044780
02800620951
02793672602
02796119513
02795197022
02801681601
02801055840
02801187089
02800906090
02798855985
02799265375
02786539951
02796043436
02800216239
02801614920
02800370076
02799038980
02801819905
02796749614
02796381595
02800057092
02790172005
02779097086
02795536170
02800002352
02800581441
02801215554
02782228110
02785351606
02800665890
02800619007
02801356530
02802552090
02796567001
02801635251
02797458699
02789169454
02801771945
02803633701
02801474061
02801618918
02798043182
02797454430
02785227000
02803516900
02797692969
02802277286
02802754041
02801162680
02804218937
02803244993
02784816044
02798007542
02804427773
02801081922
02804656020
02803760061
02798978556
02799033679
02802378040
02803443686
02798680573
02794448188
02800329270
02803669145
02804306550
02804211924
02794253174
02801263443
02804233308
02794483412
02797891902
02801285846
02799052207
02803344270
02798922330
02794932071
02806560683
02804636003
02800241500
02805982975
02797462106
02805593995
02789037116
02786978955
02806459370
02803659506
02799209629
02799001122
02799536239
02799140084
02804507459
02803986205
02804606007
02806653428
02804947939
02804556581
02793869740
02807350496
02807310192
02806077508
02799171125
02798803594
02807666450
02805325630
02806968410
02781765007
02802009940
02807593984
02801900850
02804629210
02793745936
02784545008
02800082364
02805226909
02807418040
02807898904
02806601118
02808082754
02807618995
02763456308
02803617420
02806269407
02806551773
02809101345
02807489060
02806969905
02808592108
02807314007
02807447228
02805506006
02807722970
02808910673
02808416636
02798072360
02781666106
02794367005
02806772354
02807666965
02808253079
02807350739
02794318055
02807654797
02807783171
02805432479
02790770174
02806524296
02796512363
02805847415
02809129436
02807914616
02809099855
02808577648
02797717970
02797979150
02793065986
02800152249
02779079266
02797238060
02767837942
02803752042
02794898540
02809382093
02809301514
02807272673
02808829124
02809669031
02808453400
02805926200
02798821495
02809256896
02804889980
02809363110
02808254121
02809287180
02795282992
02809253790
02807487521
02804571700
02809692874
02805664922
02805331443
02809285993
02809927693
02808619073
02794735675
02809691550
02809790450
02808995644
02810503761
02809999252
02808328001
02807871623
02799179703
02811465278
02807158030
02799261973
02810033609
02794915495
02809498040
02810709033
02794948580
02812722045
02810685770
02810437017
02812435810
02810610681
02804720217
02810164533
02811888900
02809991006
02799113605
02811920811
02811083235
02811990437
02810121648
02807845207
02810177864
02809894078
02806434548
02809849013
02796728889
02813049638
02811684824
02811096132
02814554069
02813773085
02813355240
02813738921
02812056711
02813089508
02810643776
02805517466
02811695001
02807379397
02812598522
02796079546
02812699639
02794147307
02805455924
02814415611
02814069527
02807291465
02814077970
02798291089
02803513056
02811378464
02814549901
02801041467
02809449937
02813094005
02814421697
02812692030
02807976646
02813760692
02814199064
02813702307
02799446086
02809329109
02815067447
02815540800
02813627933
02814893009
02815515610
02814580655
02813845841
02785638212
02815569540
02814695711
02799079075
02804006590
02814155601
02811807845
02809829764
02798820928
02804291189
02814839063
02809803021
02796675076
02816228339
02805092198
02813188670
02809845107
02801349917
02810457980
02798936209
02808976267
02813841269
02816160432
02814613170
02807236952
02810752044
02815916363
02813803090
02812730730
02815204614
02814883127
02815590409
02805273494
02816973611
02816684342
02817088948
02815758008
02816343006
02811754547
02806569559
02816166392
02817453077
02816906345
02815503018
02817281004
02813778710
02800343508
02813240265
02816758052
02816940365
02812528907
02817820673
02817456173
02793482153
02811977686
02811099905
02818344581
02813864986
02815828901
02813340804
02819603130
02804033805
02816800784
02813731080
02817975952
02817487214
02817878590
02817922085
02816898652
02816729389
02818855080
02811438629
02817761561
02816816516
02815980967
02816367452
02820280994
02817017250
02810665664
02819316239
02814621270
02812019000
02819202659
02818614040
02817693116
02819700683
02819865097
02819630707
02819367143
02819928005
02812880627
02814971255
02817832256
02813420913
02818198585
02812170093
02817862910
02794397419
02813355755
02794498959
02820208533
02814618130
02820189482
02818491029
02817948394
02820782078
02820597092
02799149464
02820405010
02816554210
02819542832
02818226899
02818781531
02801863475
02821404255
02809514003
02818238390
02818657601
02807648550
02820424317
02821417071
02820691196
02809812284
02811009698
02807176011
02820017193
02815706121
02821668660
02821703678
02820847030
02821392222
02800120983
02816643581
02820394493
02805985133
02816281574
02814726617
02821299958
02822159807
02813692409
02821369085
02821704801
02802130501
02805507312
02819859100
02818739179
02821477210
02817443519
02821959800
02815262304
02808983638
02810793158
02819586619
02816894070
02821991606
02821034903
02823429158
02819956211
02815793180
02822302545
02810811075
02812043733
02818909783
02819182526
02807314856
02822896151
02821795939
02805884027
02823704981
02814911007
02824971371
02802273027
02810119660
02808446543
02813072290
02810813957
02822138567
02813418420
02819037275
02822110042
02806220661
02825459305
02822782571
02823658343
02819863205
02825109070
02807115306
02824750600
02818286603
02823293825
02824837055
02808197900
02823593977
02822786640
02823353666
02820813801
02814452142
02818395496
02825276057
02823725393
02825267732
02824944994
02823367969
02826520008
02823646680
02812204176
02820741126
02824734400
02823618120
02826482670
02824649135
02824173548
02820734936
02811892346
02817832507
02821669631
02821733070
02827366037
02824580267
02804533107
02826061062
02809135169
02820615171
02825136204
02827613654
02813465690
02827110903
02811148540
02820988016
02826954946
02824414847
02825398241
02825811890
02821951655
02825615366
02826795961
02826829963
02822391033
02826489097
02826376055
02826789058
02826170430
02824697881
02827897156
02828562778
02826894943
02825000817
02826157922
02813541702
02826823094
02828494160
02825784630
02826416707
02828640167
02801874833
02809735948
02826632159
02826138707
02816467082
02824773308
02827907135
02822986576
02812052309
02828856097
02828363902
02828628973
02828207951
02826237365
02826068660
02823319565
02828657051
02826375750
02823651411
02828495302
02824527102
02827790190
02825346101
02828822354
02823948007
02820621651
02829280903
02825544752
02829408047
02827932679
02820756077
02815768070
02823982795
02829513002
02811833099
02822293023
02821873247
02830423623
02824804041
02827779625
02830149971
02825254673
02829750713
02829354010
02829253760
02830739930
02828299112
02808441746
02827059029
02816215865
02828417840
02830911261
02830826400
02829404483
02829414101
02830004140
02818431476
02832866280
02830062507
02824699663
02831912873
02830133030
02824773499
02833412622
02828965546
02832359183
02832052029
02829239504
02828689840
02824089679
02830653971
02832289118
02831016959
02834059969
02830614135
02833626266
02827472813
02832800009
02834254664
02830936680
02827148633
02830798198
02833935560
02830505948
02833109601
02829752503
02825395064
02833682174
02829712030
02831528003
02827843811
02833405090
02831566789
02825795402
02830093909
02833763921
02832915086
02826970712
02811905006
02821594445
02831760402
02834289379
02819485774
02834818460
02820793436
02834037213
02833269307
02817775511
02832745229
02832149456
02816225402
02818053501
02812502274
02828395502
02834761680
02834757143
02830331001
02832246907
02833480547
02832442919
02812138602
02828404277
02831887585
02834609624
02835111093
02828988082
02828403700
02835536345
02831046351
02829377737
02835040056
02828639312
02807451926
02834446903
02821099606
02821669046
02832944000
02834177309
02833237529
02834429642
02825231975
02828128903
02835007008
02835128140
02834857016
02835303081
02823855092
02834323062
02822000107
02835417680
02831177103
02832811035
02814799410
02822967008
02835326707
02823528806
02834442070
02819200877
02828080510
02833345682
02829143310
02807551475
02834549117
02828846105
02834083916
02834988544
02835723706
02835082646
02831915546
02834999740
02836309571
02835352295
02819636063
02836515554
02835978100
02834745218
02835237194
02826540114
02836304936
02835160116
02833099118
02836976012
02837352012
02829196198
02836567783
02835611304
02834048258
02834941904
02835802088
02834953325
02836337869
02838663224
02821855931
02824599103
02835670823
02835990305
02836569808
02838459295
02838074407
02824890029
02836493992
02833382537
02821452659
02838530003
02839902010
02840150085
02835767312
02814537059
02838378619
02820256422
02839592584
02832945155
02836597003
02837627135
02840104210
02832322000
02837765287
02838858904
02838610619
02838823957
02839919680
02838264796
02838051610
02840313723
02813431281
02839524902
02840571935
02827111470
02835187669
02839578409
02824265310
02839045508
02836964006
02822766452
02828925676
02837288926
02838195964
02840166755
02839995000
02835684964
02836252529
02828070638
02793127507
02830082532
02814116703
02834292914
02834838305
02840470314
02819534570
02836844612
02820649408
02794360418
02841009009
02794601989
02826150405
02793720275
02811681051
02812491990
02837612375
02818333970
02803175223
02835124900
02822189048
02810962871
02800625244
02835633030
02793198005
02794130331
02831648670
02802427946
02794139550
02835386947
02837830011
02833614179
02798791642
02819810519
02793886912
02837478032
02794684078
02823720243
02831892074
02794854097
02838939157
02820946283
02837893951
02838013521
02794863754
02839012685
02794739581
02838742523
02819797741
02793167045
02839875969
02838757121
02839790629
02837892637
02793208760
02794476556
02826168029
02838032313
02795931206
02794118986
02793387916
02826678574
02794261193
02793510033
02793141089
02794086502
02839921073
02838148370
02793828718
02795820641
02795538709
02795633701
02794595644
02796399028
02795192063
02795393042
02797541677
02795613263
02795953951
02796731758
02793958174
02793179302
02798339707
02798045045
02797718275
02839980169
02797900154
02796131564
02795537060
02799151108
02798774470
02797343018
02796536971
02800629070
02799135080
02795034581
02801453730
02795804360
02796408205
02798314046
02801245038
02827813238
02794301675
02831887070
02796396517
02799474373
02809829500
02805142209
02840478994
02797251679
02795362678
02800671432
02833766432
02828933857
02800681071
02793252662
02823200592
02819402151
02797454863
02801720100
02827687429
02827628848
02798083133
02838173995
02801901741
02835682406
02801334308
02837791105
02803197626
02794973002
02800042141
02800952601
02837041440
02798561990
02832805574
02795765101
02803250969
02822491682
02800618205
02801303763
02839616947
02804112608
02803250292
02802166450
02794086090
02834389403
02794439197
02798852374
02799771076
02803331616
02800352094
02794862510
02803776901
02831226252
02803316226
02803306697
02800388870
02795761106
02796427927
02795766841
02804509583
02839607018
02840852004
02796545296
02805187300
02797142462
02801998800
02804105229
02805396146
02806782155
02840387417
02806192609
02802018345
02804729940
02798532035
02838821741
02840805510
02804607321
02803269201
02807307485
02803460696
02797475194
02804491196
02798613388
02800364696
02795851873
02805786106
02820259014
02806867061
02800362219
02805569695
02806089263
02806167400
02798041481
02807518699
02839175550
02833286490
02800945583
02805601769
02839840154
02807345816
02797239466
02803986620
02804211843
02801032123
02804124282
02806141443
02804711064
02801415804
02837681008
02808450494
02803449293
02807074103
02804641775
02807915426
02807219004
02806839360
02802616919
02808746008
02806701090
02806357969
02799886728
02806570484
02807962262
02807660843
02806035929
02809751390
02805420977
02798655625
02809134430
02805865588
02809309922
02808272456
02807736092
02804835030
02809342113
02808740492
02839966921
02805614070
02838224735
02806219060
02810039399
02794557637
02807164277
02793823325
02807973116
02835515500
02806295408
02810373612
02807479006
02802101838
02793737917
02811098771
02803997070
02804914682
02797164865
02807047807
02804200647
02796700100
02840630028
02808300093
02840759063
02832548156
02811487166
02795862050
02811483250
02808435185
02810822352
02810070393
02808045123
02795852250
02812646780
02809606110
02804576507
02837515922
02840415720
02794699261
02811925295
02813217794
02813442135
02808454481
02810445460
02810513724
02813004537
02813546771
02840608871
02810672288
02800251816
02840722224
02806645590
02813478750
02806206839
02815953307
02810903433
02793651796
02812018461
02811412743
02798747902
02795848066
02795846284
02815040085
02806425808
02803539101
02810663700
02811971483
02815466651
02795989204
02805732944
02816276228
02815803089
02815271052
02836094354
02811485465
02816000150
02806575605
02797281233
02808689950
02806234611
02813799475
02814242504
02816286967
02797794109
02813685895
02810416524
02810742081
02817049616
02809542805
02815185059
02799033407
02815068923
02808271484
02813773328
02813032905
02840919605
02815364301
02815315955
02799223370
02793201162
02840046938
02808171269
02815784009
02840907518
02810688010
02816379620
02812224100
02810274398
02816801837
02816875601
02812859180
02815805022
02815158248
02811214518
02816179702
02840231590
02817300246
02817701909
02816828441
02814260405
02816017800
02815933292
02811606270
02814483536
02814667424
02811930108
02818554985
02798135389
02813698520
02817407989
02817149408
02815535564
02815414180
02811194738
02816235033
02796981274
02798503108
02813459534
02811900209
02813632694
02818971748
02817301560
02812658010
02816249093
02818632021
02820830064
02819674151
02800368500
02816290212
02819594476
02819991475
02797788990
02818989523
02815285606
02813832600
02817852796
02822409188
02810465908
02821302681
02822446202
02811558012
02822010250
02822418500
02822169012
02826955322
02822640351
02814225081
02807990045
02820680828
02809046573
02819727107
02818659655
02820199879
02821779810
02802258222
02816143341
02819381804
02818874629
02820144543
02806006317
02822593175
02823112464
02825019836
02808239912
02817172574
02824154322
02821712405
02816313522
02816645282
02825416592
02821759703
02824987960
02820415164
02799551548
02824437707
02819776744
02822581401
02818149029
02821924410
02818992826
02819207960
02823015345
02824258535
02824768576
02821860188
02815623854
02825304280
02823375988
02826505718
02809463336
02819459340
02823465030
02826254537
02802601563
02826077228
02823471944
02822883254
02801059080
02825321966
02820861105
02811385169
02823565256
02823695036
02818673488
02810470901
02818374650
02826271032
02822964416
02824704098
02824820160
02825453951
02824014660
02824247177
02824048212
02837481505
02805827066
02826735047
02818999910
02806502560
02816818560
02824778539
02810792267
02826543210
02827396610
02828008088
02821675100
02818662443
02827316102
02814040979
02824848928
02827127717
02812907924
02827241170
02819802761
02821100035
02824018658
02811890807
02796482510
02812102098
02827742705
02828916332
02821398506
02828559637
02829356900
02818954657
02827981025
02811640703
02829059603
02824225360
02826075950
02828639231
02830317009
02799076130
02830390601
02820324878
02830441281
02825093998
02828938069
02824339101
02829708946
02830785533
02824227141
02829443977
02826123947
02823338942
02823445005
02824342676
02822162786
02829600070
02827709090
02824502118
02827137518
02825923850
02822644268
02827108097
02830113861
02832116523
02827820951
02831069130
02821107048
02832279074
02827547171
02832028233
02832134505
02828825027
02840113040
02831823501
02830888774
02829863593
02802539078
02831291402
02830873238
02830420950
02832057764
02831301300
02831474400
02827721627
02810598290
02833811675
02832292097
02812117109
02831569966
02828236544
02831452694
02831815673
02833939809
02829791827
02834132631
02817166922
02831171920
02832161154
02825905950
02834087580
02824236302
02833902042
02833517726
02832513875
02819935990
02834329346
02831661340
02832065945
02825408140
02833744706
02834351864
02834303380
02811178104
02833978103
02833597657
02832533396
02817113993
02834282609
02833637977
02821910541
02834687773
02834285381
02832249590
02833294670
02833104057
02835086986
02827149877
02832309674
02835309527
02826791540
02811344136
02814301950
02831549507
02814076906
02827755106
02829110579
02835099530
02833889356
02826905309
02814875299
02829524209
02835946322
02834571716
02834400318
02834318816
02835335013
02830154037
02833716923
02830127145
02833013256
02830263839
02826375245
02834950814
02814325035
02835785647
02830126920
02835293426
02834641277
02835057960
02815642050
02834020248
02835508996
02828317200
02832044271
02836401117
02830367960
02828420124
02822088608
02834244197
02835927026
02835397477
02836137509
02833327005
02835600370
02838146750
02838442562
02835838007
02839286629
02809592144
02835648909
02835256067
02828938492
02837317020
02838402269
02837924342
02839161338
02828607623
02838349350
02838857690
02840747995
02831751500
02840432064
02835970460
02833087101
02831283647
02840848406
02817846125
02840562197
02838063626
02836784962
02839663945
02829739906
02828908070
02806362962
02823759700
02840704080
02831535476
02832214533
02836991755
02823376950
02835084932
02817256328
02839152509
02835663967
02814038133
02804943275
02832764100
02838398059
02814377183
02837251925
02832357997
02818561175
02836778210
02839184702
02836736054
02800174307
02816823059
02838871412
02840460513
02832238475
02832562140
02820611184
02838677012
02816898814
02833963505
02832353495
02840482169
02836143312
02832974090
02807593399
02841024156
02840384078
02834649766
02835414231
02840360217
02839935619
02840726211
02814788051
02796332543
02841055116
02817695917
02838797182
02840587009
02829823966
02825622656
02822609195
02798398550
02822429294
02831474230
02839693690
02829182561
02818151007
02812025328
02840025507
02813983306
02837508209
02837526614
02823848207
02835167986
02837030325
02821852592
02814675109
02816773957
02836482605
02837687545
02836377224
02830626818
02836959517
02830675355
02837193038
02838042033
02828955079
02817122046
02839397374
02840664437
02831186102
02815193159
02830420446
02839609061
02831703441
02831175917
02829291930
02832189598
02826022083
02818656630
02831948207
02838063545
02836226447
02795208326
02834992657
02831873363
02832602541
02840048981
02811534857
02818055040
02840662060
02840507927
32478750856
12014946647
08521137907
38235414805
32625866845
32443779807
08536044950
86526138500
38249428870
08577417999
32444298829
86339902537
32627172824
32613055847
32436236852
12035589886
32537667808
08505656938
32591694826
38220759810
86377061501
38367375823
08469742906
38203809812
38193330889
38176615846
38124616841
12015570624
38126720816
37952955802
08496721981
86338767520
08456552992
32632116848
38079201889
38024296802
12029845680
38123551835
86505828508
38106112802
38336567860
38053668844
08459883957
38356213860
86361777588
08393388996
08544732976
38086428826
38054463812
38370615821
32596441802
38184720840
38235538873
08734558942
38030512821
37967529855
32509299808
86524723511
38207996803
38244229802
08437903939
08579887941
08459749983
38182155886
08562212954
12013913770
08428579903
38183981860
37960567840
08448853989
38371668805
38158703801
08458536943
08461847962
38232484802
38309569831
38196358822
38288874819
38216551860
38319081840
38204237880
32663846872
32639649841
12033746909
12009990706
32564682847
32442738821
32581089865
32548196836
32508947881
32559893886
32436492859
32685381856
32650716851
12314873726
12078017710
08732617984
32692553810
32768096806
12342880790
12073208703
32453803808
12312485729
32509449800
38021019875
32696898880
32729698884
12093468778
02779025417
02782102010
02791511016
32480146871
02797504550
02788561520
12314375700
02812422670
02827784890
02809013640
02798184592
02791670327
02826308300
02762815002
02785157389
02782787870
12350812731
02802567012
02823760202
02789821313
12326442776
02779116056
37943528824
02781966401
02808335555
02794305581
02832688080
02825636878
02831976847
02834594686
02802584022
02811439943
02798788269
02793267775
32612785876
02823499792
02824502037
02814678035
02778754202
12064965769
12344247700
02832317936
02836852631
02784856933
02831614180
02832193358
02788831250
02812733160
02817882350
02833790902
02788932952
12057343928
32487154802
02791422935
32510711814
02808034199
