12058386000
12058386353
12058385462
12058386191
12058386604
12058387082
12058388216
12058388305
12058388801
12058391519
12058391780
12058392167
12058390113
12058390466
12058390032
12058391438
12058393724
12058393210
12058394020
12058394534
12058395344
12058395182
12058395263
12058395425
12058396316
12058398106
12058398289
12058398521
12058399684
12058400364
12058400526
12058401336
12058403207
12058401840
12058402308
12058402731
12058402901
12058403380
12058405676
12058408691
12058408004
12058407709
12058409582
12058409906
12058408500
12058408934
12058410084
12058410246
12058410327
12058411056
12058411137
12058412885
12058415043
12058415558
12058416872
12058415639
12058416368
12058416520
12058416953
12058417259
12058417844
12058419383
12058419111
12058419464
12058420802
12058420985
12058420209
12058421019
12058422333
12058425600
12058423305
12058423577
12058424204
12058424115
12058422929
12058424620
12058422171
12058425510
12058426088
